1 1 1 1 1 1 1 1 1 1 1 1 1 1 1 1 1 1 1 1 0.757372 0.370503 0.0721073 0.00425905 0.001 0.001 0.001 0.001 0.001 0.001 
1 1 1 1 0.960398 0.931306 0.937676 0.944242 0.953717 0.964907 0.976342 0.987268 0.996238 0.998309 0.986796 0.942118 0.868725 0.812471 0.834887 0.878751 0.946705 0.831631 0.396363 0.070159 0.0041872 0.001 0.001 0.001 0.001 0.001 
0.242482 0.516924 0.832673 0.920118 0.632444 0.292842 0.180677 0.171057 0.176368 0.184906 0.194478 0.205363 0.222232 0.262652 0.336387 0.427407 0.571135 0.732179 0.781783 0.628801 0.59933 0.890137 0.890711 0.454307 0.0908132 0.00671748 0.001 0.001 0.001 0.001 
0.00847715 0.0476272 0.287883 0.737214 0.921149 0.57938 0.170102 0.0210273 0.00155411 0.001 0.00130083 0.00215879 0.00491549 0.025243 0.149698 0.465615 0.785372 0.881022 0.670714 0.328432 0.147789 0.38455 0.847197 0.938618 0.530169 0.126284 0.0112331 0.001 0.001 0.001 
0.001 0.00129113 0.0326536 0.258175 0.707065 0.934887 0.636805 0.232612 0.0487255 0.00604315 0.001 0.001 0.0169423 0.147948 0.51735 0.900223 0.905518 0.58192 0.241942 0.0658718 0.0125416 0.0477185 0.308848 0.782571 0.965526 0.609977 0.177742 0.020415 0.001 0.001 
0.001 0.001 0.001 0.0244312 0.212448 0.646582 0.91323 0.723915 0.352326 0.1105 0.0223438 0.0441578 0.240087 0.662927 0.978433 0.818712 0.40144 0.127753 0.0248307 0.00249772 0.001 0.0012345 0.0293811 0.242872 0.708392 0.972127 0.690658 0.25607 0.0456477 0.00458905 
0.0108178 0.010153 0.0103644 0.0124658 0.0438022 0.230701 0.596366 0.832904 0.751667 0.438839 0.203115 0.369893 0.800514 0.982443 0.681701 0.257149 0.0491737 0.00498921 0.001 0.001 0.001 0.001 0.001 0.0195339 0.189963 0.629684 0.948728 0.779499 0.374386 0.0921622 
0.397832 0.380524 0.380929 0.382933 0.392094 0.422656 0.51239 0.676491 0.797427 0.737635 0.666959 0.866432 0.916754 0.550848 0.166233 0.0218832 0.00216332 0.00163005 0.00198147 0.00238499 0.00286786 0.00351241 0.00456067 0.00717849 0.0308617 0.1853 0.559806 0.879382 0.835189 0.466312 
1 1 1 1 1 1 1 1 1 1 1 0.936188 0.609031 0.329597 0.238542 0.22405 0.22234 0.222966 0.223989 0.225165 0.226622 0.228668 0.232197 0.240187 0.257251 0.292607 0.397177 0.627348 0.829867 0.982414 
1 1 1 1 1 1 1 1 1 1 1 1 0.970484 0.981084 0.986103 0.983284 0.981589 0.980451 0.979454 0.978433 0.977393 0.976318 0.975105 0.973113 0.969677 0.9621 0.948952 0.887023 0.970966 1 
