1 1 1 1 1 1 1 1 1 1 1 1 1 1 1 1 1 0.99656 0.929305 0.852094 0.736953 0.557809 0.337703 0.138106 0.0299461 0.00291924 0.001 0.001 0.001 0.001 
1 1 1 0.975855 0.835777 0.767165 0.728182 0.698334 0.670888 0.64263 0.612278 0.580654 0.549893 0.522041 0.498523 0.479994 0.469054 0.473951 0.503668 0.567022 0.665437 0.752414 0.715563 0.500868 0.225438 0.053805 0.00592967 0.001 0.001 0.001 
0.18323 0.348598 0.628643 0.736489 0.591513 0.412549 0.316509 0.28389 0.283176 0.296649 0.312997 0.326079 0.335525 0.343622 0.35286 0.365545 0.382068 0.397633 0.402327 0.392977 0.397786 0.480875 0.663821 0.785037 0.65168 0.335932 0.0908671 0.0110661 0.001 0.001 
0.0142547 0.0803614 0.344046 0.632831 0.674649 0.533284 0.396349 0.323021 0.29807 0.300254 0.313402 0.328041 0.341574 0.355509 0.372334 0.392693 0.412238 0.421305 0.410264 0.374492 0.318705 0.277417 0.331688 0.53507 0.762514 0.735863 0.426153 0.124963 0.0154712 0.001 
0.00117008 0.0212849 0.145848 0.413262 0.614392 0.61859 0.523608 0.433193 0.375295 0.346588 0.338126 0.342089 0.354285 0.373061 0.396195 0.417715 0.428464 0.420955 0.393559 0.351817 0.305836 0.260962 0.225541 0.253416 0.434206 0.704304 0.760535 0.473081 0.138569 0.0181901 
0.001 0.00715277 0.0601381 0.226998 0.447316 0.567064 0.566378 0.512772 0.455303 0.410848 0.384584 0.377995 0.38847 0.408929 0.428611 0.43601 0.424793 0.39661 0.358336 0.319125 0.286586 0.262105 0.239962 0.22009 0.232296 0.381214 0.655598 0.749036 0.461464 0.131544 
0.00217264 0.00619039 0.035039 0.132271 0.298342 0.451406 0.528153 0.5344 0.505546 0.469521 0.443041 0.43426 0.440163 0.44854 0.446067 0.426564 0.393909 0.356215 0.320922 0.293991 0.276767 0.265172 0.25597 0.250051 0.245241 0.252968 0.374554 0.646847 0.722724 0.410011 
0.222425 0.214124 0.226254 0.263185 0.338795 0.436439 0.513759 0.543453 0.533343 0.509586 0.490045 0.478291 0.46763 0.448073 0.415729 0.376341 0.338945 0.307869 0.285098 0.272415 0.268408 0.268952 0.271125 0.274755 0.282572 0.284756 0.288538 0.419655 0.683433 0.706024 
1 1 1 1 1 1 1 0.946662 0.869531 0.791129 0.71813 0.650532 0.585286 0.521144 0.461917 0.416155 0.386473 0.365528 0.35337 0.350568 0.355292 0.364878 0.376439 0.386217 0.390813 0.395026 0.386277 0.373328 0.524523 0.914993 
1 1 1 1 1 1 1 1 1 1 1 1 1 1 1 0.968104 0.930657 0.904546 0.884776 0.870169 0.857779 0.843915 0.824608 0.797104 0.761425 0.717545 0.679 0.61299 0.640242 1 
