1 1 1 1 1 1 1 1 1 1 1 1 1 1 1 1 1 1 1 0.99747 0.828266 0.555689 0.241949 0.0477104 0.00352624 0.001 0.001 0.001 0.001 0.001 
1 1 1 0.98047 0.786321 0.733781 0.727089 0.732741 0.739016 0.740239 0.729838 0.704601 0.66786 0.627583 0.591094 0.562521 0.547517 0.558836 0.604567 0.68003 0.790094 0.851352 0.675227 0.315905 0.0678375 0.00592706 0.001 0.001 0.001 0.001 
0.169687 0.388085 0.742195 0.861244 0.574742 0.253841 0.138395 0.132569 0.159064 0.209699 0.265605 0.306 0.32317 0.326412 0.330766 0.35264 0.410735 0.502415 0.565026 0.524966 0.460073 0.578832 0.811376 0.767037 0.416335 0.110166 0.0122045 0.001 0.001 0.001 
0.00415745 0.0419374 0.299156 0.724524 0.855121 0.549887 0.221566 0.0934136 0.0903643 0.147896 0.215237 0.261512 0.287892 0.306476 0.336323 0.406495 0.519552 0.605547 0.580127 0.442785 0.276109 0.218756 0.40911 0.737277 0.816982 0.518091 0.167139 0.02275 0.00119358 0.001 
0.001 0.0021921 0.0461785 0.29512 0.697219 0.843972 0.617486 0.339423 0.207536 0.197138 0.227559 0.247361 0.269588 0.321702 0.422467 0.556326 0.642395 0.598023 0.448411 0.299501 0.202056 0.143955 0.146232 0.315898 0.648844 0.826848 0.604015 0.227824 0.0360909 0.0027078 
0.001 0.001 0.00279185 0.050256 0.284217 0.647541 0.79502 0.668518 0.466636 0.33287 0.273037 0.265917 0.330067 0.465424 0.61516 0.677459 0.591488 0.416994 0.27313 0.207296 0.1838 0.166858 0.14913 0.149132 0.268818 0.571902 0.809739 0.65731 0.269339 0.048815 
0.00188141 0.00187736 0.00264389 0.0123581 0.0896148 0.324357 0.595316 0.71165 0.648411 0.503309 0.390793 0.404044 0.538768 0.674091 0.685357 0.548872 0.357915 0.224795 0.182831 0.188316 0.194551 0.188521 0.180312 0.175673 0.183424 0.267535 0.530333 0.787391 0.669004 0.281505 
0.269016 0.255406 0.256489 0.26194 0.285398 0.359622 0.493973 0.623993 0.664473 0.612356 0.568338 0.623419 0.694108 0.642054 0.471399 0.290949 0.180315 0.147082 0.159685 0.182556 0.197642 0.201605 0.200266 0.208519 0.229655 0.254747 0.311814 0.545434 0.780255 0.643301 
1 1 1 1 1 1 1 1 1 0.968527 0.885448 0.798903 0.668155 0.505932 0.376703 0.308046 0.284071 0.281358 0.289365 0.300732 0.311722 0.321912 0.334544 0.352761 0.375993 0.40106 0.404295 0.414006 0.6102 0.937133 
1 1 1 1 1 1 1 1 1 1 1 1 1 0.961843 0.951616 0.952648 0.948306 0.938649 0.924969 0.907866 0.887538 0.864599 0.839977 0.81433 0.786718 0.75497 0.733193 0.678145 0.728384 1 
