1 1 1 1 1 1 1 1 1 1 1 1 1 1 1 1 1 1 1 1 0.746045 0.357604 0.0671872 0.00380036 0.001 0.001 0.001 0.001 0.001 0.001 
1 1 1 1 0.961461 0.932923 0.939405 0.945993 0.955504 0.966701 0.978133 0.98904 0.997921 0.999721 0.987609 0.941856 0.867878 0.813498 0.83799 0.881182 0.949467 0.822729 0.383324 0.0657797 0.00383059 0.001 0.001 0.001 0.001 0.001 
0.242781 0.517693 0.833237 0.919455 0.630717 0.292004 0.181026 0.171628 0.177027 0.185604 0.195201 0.206164 0.223362 0.264615 0.33908 0.430545 0.575934 0.736565 0.780593 0.622183 0.605624 0.899909 0.884979 0.443114 0.0865298 0.00629574 0.001 0.001 0.001 0.001 
0.00849757 0.0478472 0.288921 0.738416 0.919889 0.576022 0.167933 0.0206083 0.0015277 0.001 0.00131874 0.00219866 0.00506988 0.0265567 0.155508 0.474628 0.791522 0.878411 0.659511 0.316397 0.147762 0.398604 0.85988 0.937005 0.521419 0.122008 0.0107351 0.001 0.001 0.001 
0.001 0.00130502 0.032931 0.259815 0.708958 0.933414 0.632532 0.229715 0.0477739 0.00588461 0.001 0.001 0.0180107 0.154337 0.528217 0.90474 0.897994 0.569236 0.232914 0.0618812 0.0122016 0.0509908 0.320786 0.795968 0.967952 0.604097 0.173941 0.0198627 0.001 0.001 
0.001 0.001 0.001 0.0247628 0.214452 0.649277 0.912275 0.719667 0.348416 0.108592 0.0222626 0.0462656 0.247816 0.673255 0.978636 0.806813 0.389817 0.122181 0.0231823 0.00225492 0.001 0.00136633 0.0313484 0.252375 0.721097 0.977332 0.687895 0.253474 0.0451301 0.00453536 
0.0108617 0.0101953 0.0104109 0.0125525 0.0444525 0.233252 0.599168 0.833035 0.748175 0.434286 0.203892 0.378769 0.808735 0.978887 0.668806 0.247837 0.0463395 0.00457537 0.001 0.001 0.001 0.001 0.001 0.0207197 0.196878 0.640429 0.955023 0.77986 0.373267 0.0917828 
0.398212 0.380901 0.381311 0.383344 0.392576 0.42347 0.514036 0.678488 0.797707 0.735961 0.669792 0.87108 0.911055 0.539235 0.159162 0.0205628 0.00206951 0.00162518 0.00197614 0.00237955 0.00286458 0.00351527 0.00457855 0.00727603 0.0319622 0.190381 0.567243 0.884669 0.836877 0.466081 
1 1 1 1 1 1 1 1 1 1 1 0.930617 0.60144 0.325377 0.237671 0.223516 0.221661 0.222133 0.223088 0.22434 0.226008 0.22837 0.232293 0.240767 0.258314 0.294375 0.400597 0.631527 0.832637 0.983228 
1 1 1 1 1 1 1 1 1 1 1 1 0.971982 0.982068 0.985679 0.981578 0.978748 0.976795 0.97552 0.974835 0.974696 0.974936 0.97523 0.974684 0.97245 0.965555 0.952648 0.890333 0.973384 1 
