1 1 1 1 1 1 1 1 1 1 1 1 1 1 1 1 1 1 1 0.855271 0.476057 0.124908 0.0110412 0.001 0.001 0.001 0.001 0.001 0.001 0.001 
1 1 1 1 0.990594 0.974531 0.982119 0.988352 0.999359 1 1 1 1 1 0.9971 0.929649 0.864831 0.866256 0.901399 0.955601 0.923796 0.545547 0.147237 0.0144332 0.001 0.001 0.001 0.001 0.001 0.001 
0.253125 0.544437 0.851512 0.894374 0.572877 0.265601 0.188071 0.184364 0.191717 0.203532 0.218385 0.237329 0.271456 0.329117 0.397005 0.520064 0.703841 0.804126 0.678544 0.560883 0.82606 0.984431 0.654995 0.214577 0.027019 0.00120527 0.001 0.001 0.001 0.001 
0.00924179 0.057034 0.329678 0.783334 0.881427 0.476363 0.109033 0.0106345 0.00110305 0.00133565 0.00229122 0.00455275 0.0152316 0.0916867 0.354272 0.704691 0.891667 0.745045 0.393362 0.141437 0.26308 0.711631 1 0.775628 0.310303 0.0507195 0.00340394 0.001 0.001 0.001 
0.001 0.00198344 0.0450493 0.322858 0.779316 0.893492 0.512097 0.152995 0.0251611 0.00234191 0.001 0.00655262 0.0765336 0.373347 0.804689 0.94765 0.683058 0.306618 0.0872453 0.0129602 0.0215325 0.170503 0.585113 0.975432 0.881281 0.424895 0.0973259 0.0102529 0.001 0.001 
0.001 0.001 0.00179555 0.0395087 0.291059 0.744048 0.886163 0.597036 0.2433 0.058612 0.0271474 0.140221 0.498331 0.912158 0.916531 0.52582 0.181942 0.0373828 0.00403144 0.001 0.001 0.0092691 0.102767 0.459123 0.9054 0.954836 0.558304 0.188425 0.0343275 0.00349838 
0.0118744 0.011188 0.0115652 0.0156489 0.0706831 0.325959 0.690561 0.831543 0.637928 0.309979 0.269248 0.640329 0.966557 0.824493 0.381324 0.0883557 0.0103109 0.001 0.001 0.001 0.001 0.001 0.00407305 0.0604867 0.346799 0.799217 0.977689 0.717543 0.331015 0.0818509 
0.407714 0.390293 0.390894 0.394071 0.406062 0.449933 0.569551 0.738122 0.796535 0.704867 0.776811 0.942673 0.715216 0.283906 0.0470252 0.00456711 0.00202885 0.00238367 0.00281681 0.00331693 0.0039295 0.00477663 0.00624904 0.0119901 0.065502 0.299401 0.671176 0.919597 0.821317 0.445368 
1 1 1 1 1 1 1 1 1 1 1 0.766017 0.441367 0.285015 0.254825 0.248435 0.247029 0.247103 0.247607 0.248599 0.250192 0.252721 0.257283 0.268046 0.287329 0.327751 0.454492 0.679683 0.853487 0.98423 
1 1 1 1 1 1 1 1 1 1 1 1 1 1 1 1 1 1 1 1 1 1 1 1 1 1 0.985564 0.918638 1 1 
