0.7 0.7 0.7 0.7 0.7 0.7 0.7 0.7 0.7 0.7 0.7 0.7 0.7 0.7 0.7 0.7 0.7 0.7 0.66833 0.609008 0.54844 0.486206 0.422001 0.355889 0.3 0.3 0.3 0.3 0.3 0.3 
0.7 0.7 0.7 0.7 0.7 0.7 0.7 0.7 0.7 0.7 0.7 0.7 0.7 0.7 0.7 0.7 0.659534 0.613038 0.566602 0.520248 0.474016 0.427995 0.382321 0.337125 0.3 0.3 0.3 0.3 0.3 0.3 
0.7 0.7 0.7 0.7 0.7 0.7 0.7 0.7 0.7 0.7 0.7 0.671202 0.638463 0.605901 0.573567 0.541556 0.51001 0.479127 0.449183 0.420537 0.393616 0.368824 0.346329 0.325643 0.305088 0.3 0.3 0.3 0.3 0.3 
0.571517 0.614383 0.649155 0.648649 0.629776 0.605351 0.580748 0.557344 0.535264 0.514272 0.494107 0.474574 0.455558 0.437021 0.418992 0.401569 0.384918 0.369287 0.355008 0.342493 0.332189 0.324464 0.319379 0.316284 0.313303 0.306957 0.3 0.3 0.3 0.3 
0.344509 0.368226 0.395966 0.407412 0.404288 0.394503 0.383069 0.372068 0.362049 0.352988 0.344701 0.337012 0.329799 0.322996 0.316586 0.310596 0.305093 0.300189 0.3 0.3 0.3 0.3 0.3 0.3 0.305655 0.313603 0.317967 0.312531 0.3 0.3 
0.399047 0.39957 0.402105 0.399912 0.393311 0.384515 0.375416 0.366786 0.358722 0.3511 0.343787 0.336704 0.329814 0.323107 0.316575 0.310201 0.303952 0.3 0.3 0.3 0.3 0.3 0.3 0.3 0.3 0.3 0.317339 0.344397 0.368271 0.386665 
0.665227 0.65738 0.645635 0.629521 0.610756 0.590917 0.570969 0.551279 0.53187 0.512669 0.493625 0.474732 0.456008 0.437479 0.419156 0.401019 0.383004 0.364994 0.346816 0.328262 0.309156 0.3 0.3 0.3 0.3 0.3 0.3 0.347056 0.44513 0.533819 
0.7 0.7 0.7 0.7 0.7 0.7 0.7 0.7 0.7 0.7 0.7 0.672977 0.639738 0.606735 0.573959 0.541389 0.50898 0.476658 0.444296 0.411701 0.378606 0.344682 0.309637 0.3 0.3 0.3 0.3 0.30435 0.509377 0.7 
0.7 0.7 0.7 0.7 0.7 0.7 0.7 0.7 0.7 0.7 0.7 0.7 0.7 0.7 0.7 0.7 0.659193 0.612838 0.566846 0.521315 0.476372 0.432167 0.388869 0.346703 0.306131 0.3 0.3 0.3 0.610253 0.7 
0.7 0.7 0.7 0.7 0.7 0.7 0.7 0.7 0.7 0.7 0.7 0.7 0.7 0.7 0.7 0.7 0.7 0.7 0.671028 0.615922 0.562469 0.511513 0.464259 0.42246 0.388825 0.367856 0.368659 0.411565 0.7 0.7 
