1 1 1 1 1 1 1 1 1 1 1 1 1 1 1 1 1 1 1 0.912409 0.551368 0.17317 0.0185439 0.001 0.001 0.001 0.001 0.001 0.001 0.001 
1 1 1 1 0.981839 0.962384 0.969878 0.976412 0.985996 0.997997 1 1 1 1 0.996623 0.933481 0.861921 0.847226 0.885773 0.933296 0.949249 0.625883 0.196485 0.0217215 0.001 0.001 0.001 0.001 0.001 0.001 
0.24957 0.535146 0.845348 0.903548 0.592799 0.274144 0.186223 0.180854 0.18758 0.196997 0.209328 0.226325 0.255455 0.309335 0.382343 0.492509 0.66771 0.795431 0.719254 0.555286 0.759089 0.984577 0.723232 0.265331 0.0368843 0.00191991 0.001 0.001 0.001 0.001 
0.00897697 0.0535091 0.314795 0.768126 0.89582 0.509637 0.127061 0.0133864 0.00116115 0.00113545 0.00185944 0.00356964 0.0106938 0.0658949 0.290024 0.64254 0.878547 0.798008 0.466816 0.165671 0.210831 0.629589 0.984752 0.82705 0.36021 0.0641077 0.00466414 0.001 0.001 0.001 
0.001 0.00170715 0.0403548 0.300337 0.756473 0.909571 0.551869 0.176366 0.0313506 0.003256 0.001 0.00370971 0.0514829 0.300509 0.732109 0.955588 0.753942 0.373624 0.117475 0.0187837 0.0151929 0.129136 0.51315 0.940104 0.913046 0.469079 0.113225 0.0121053 0.001 0.001 
0.001 0.001 0.00145795 0.0337176 0.263802 0.71417 0.898502 0.638103 0.275315 0.0728446 0.0239615 0.10371 0.416334 0.855065 0.955178 0.608045 0.230716 0.0538862 0.00680253 0.001 0.001 0.0059775 0.077488 0.402914 0.863169 0.966968 0.590957 0.202543 0.0365115 0.00370642 
0.0115811 0.0108975 0.0112134 0.014485 0.060799 0.2938 0.662362 0.836137 0.675929 0.346388 0.240184 0.560451 0.936153 0.88703 0.460656 0.123066 0.0162504 0.001 0.001 0.001 0.001 0.001 0.00266508 0.0466883 0.305419 0.760747 0.975028 0.733017 0.340292 0.0839318 
0.405033 0.387638 0.388168 0.390914 0.401863 0.441018 0.550895 0.720073 0.799988 0.711474 0.740183 0.934521 0.78436 0.352481 0.068478 0.00673336 0.00170186 0.00194101 0.00231018 0.00273634 0.00326051 0.00399224 0.00527519 0.00981529 0.0539799 0.268807 0.646057 0.912078 0.825056 0.449974 
1 1 1 1 1 1 1 1 1 1 1 0.818935 0.480302 0.286874 0.246167 0.237747 0.235801 0.235716 0.236061 0.236867 0.238234 0.240468 0.244576 0.254383 0.273731 0.316809 0.440719 0.668446 0.848642 0.983615 
1 1 1 1 1 1 1 1 1 1 1 1 1 1 1 1 1 1 1 1 1 1 1 1 1 0.992516 0.977131 0.911412 0.99357 1 
