1 1 1 1 1 1 1 1 1 1 1 1 1 1 1 1 1 1 1 0.946613 0.793043 0.539501 0.25434 0.0610503 0.00599825 0.001 0.001 0.001 0.001 0.001 
1 1 1 0.969276 0.785053 0.73039 0.719954 0.720875 0.721716 0.715723 0.697472 0.665911 0.6262 0.58617 0.552136 0.527811 0.516802 0.526206 0.566567 0.649092 0.76024 0.823153 0.678506 0.354425 0.0954453 0.0109399 0.001 0.001 0.001 0.001 
0.164665 0.367786 0.713249 0.836478 0.573418 0.278506 0.167339 0.162316 0.194339 0.245419 0.295434 0.328138 0.34108 0.343742 0.348704 0.367716 0.410074 0.468801 0.501774 0.471014 0.439247 0.549544 0.766125 0.772284 0.475121 0.155435 0.0219897 0.00120502 0.001 0.001 
0.00433749 0.0431983 0.300401 0.70766 0.817522 0.542228 0.259468 0.148485 0.150234 0.202999 0.260683 0.300803 0.324165 0.340657 0.365064 0.413354 0.482306 0.530287 0.508743 0.414206 0.293258 0.238877 0.372979 0.663419 0.802637 0.581245 0.225749 0.0380868 0.0025901 0.001 
0.001 0.00290092 0.0568141 0.320266 0.692954 0.793502 0.593579 0.371237 0.262598 0.248862 0.271202 0.292987 0.316875 0.357263 0.423314 0.503359 0.552408 0.525105 0.430589 0.325438 0.246573 0.190731 0.169699 0.278328 0.561801 0.789821 0.656582 0.28939 0.0541091 0.00464448 
0.001 0.001 0.00557126 0.0765701 0.338085 0.651316 0.739576 0.624349 0.467473 0.363664 0.318757 0.318861 0.365395 0.450628 0.539633 0.577078 0.528352 0.419944 0.316961 0.256362 0.227152 0.208172 0.186472 0.171825 0.239639 0.490208 0.760997 0.692529 0.320901 0.0651442 
0.00162328 0.00175189 0.00353959 0.0251791 0.140059 0.382228 0.598361 0.666206 0.604111 0.495889 0.419021 0.424525 0.502028 0.580654 0.589942 0.511284 0.38953 0.289868 0.243146 0.233598 0.232258 0.224764 0.214819 0.206359 0.205015 0.248038 0.464208 0.744244 0.690433 0.316759 
0.256326 0.243479 0.245482 0.254876 0.291657 0.383258 0.512069 0.609799 0.626617 0.580656 0.544216 0.566409 0.600115 0.567958 0.463172 0.340807 0.253572 0.215997 0.213444 0.223842 0.232491 0.234606 0.232463 0.234881 0.248054 0.261631 0.292928 0.49831 0.753265 0.661796 
1 1 1 1 1 1 1 1 0.991109 0.905155 0.821273 0.739089 0.637138 0.516136 0.413618 0.354126 0.327166 0.319404 0.321263 0.326603 0.332482 0.338577 0.346595 0.357931 0.372129 0.392024 0.392942 0.394785 0.580045 0.927985 
1 1 1 1 1 1 1 1 1 1 1 1 1 1 0.978299 0.970417 0.963894 0.951493 0.933625 0.910386 0.882882 0.852536 0.820806 0.78905 0.757631 0.723998 0.701714 0.648112 0.696358 1 
