1 1 1 1 1 1 1 1 1 1 1 1 1 1 1 1 1 1 1 0.869292 0.493934 0.13529 0.012506 0.001 0.001 0.001 0.001 0.001 0.001 0.001 
1 1 1 1 0.988497 0.971639 0.979213 0.985563 0.996037 1 1 1 1 1 0.997132 0.930592 0.863895 0.861577 0.897726 0.950465 0.931183 0.564593 0.157756 0.0158665 0.001 0.001 0.001 0.001 0.001 0.001 
0.252228 0.542074 0.849969 0.896773 0.57793 0.267707 0.187644 0.183544 0.190738 0.201685 0.216149 0.234679 0.267574 0.324381 0.393571 0.513307 0.695336 0.802786 0.688586 0.55797 0.810574 0.986166 0.670389 0.225451 0.0290437 0.00134533 0.001 0.001 0.001 0.001 
0.00917476 0.0561012 0.325832 0.779551 0.885216 0.484681 0.113378 0.0112739 0.00111042 0.00127873 0.00217711 0.00429594 0.0139832 0.0849339 0.338676 0.690235 0.889612 0.758588 0.410939 0.145938 0.24956 0.692017 1 0.787445 0.321458 0.0535662 0.00366683 0.001 0.001 0.001 
0.001 0.00190859 0.0438059 0.317104 0.773719 0.897796 0.521988 0.158635 0.0265918 0.00254649 0.001 0.00574434 0.0697361 0.355244 0.788131 0.950927 0.700534 0.32211 0.0940422 0.0140686 0.0197243 0.159818 0.567468 0.968168 0.8893 0.434946 0.100792 0.0106497 0.001 0.001 
0.001 0.001 0.00170435 0.0379678 0.284097 0.736802 0.889591 0.607297 0.251016 0.061878 0.0261468 0.130649 0.478124 0.899735 0.927277 0.545444 0.193017 0.0409477 0.00459747 0.001 0.001 0.00836407 0.0962446 0.44603 0.896013 0.958018 0.565762 0.191515 0.0347933 0.00354237 
0.0118097 0.0111234 0.0114847 0.0153476 0.0681139 0.317866 0.683769 0.833095 0.647508 0.318382 0.261262 0.621083 0.960643 0.840699 0.399902 0.0959399 0.0115427 0.001 0.001 0.001 0.001 0.001 0.00369586 0.056989 0.337069 0.790496 0.977245 0.721025 0.333032 0.082297 
0.407109 0.389694 0.390276 0.393342 0.405059 0.447713 0.564887 0.733799 0.797687 0.706183 0.76775 0.941844 0.732665 0.299956 0.0515297 0.00497091 0.00193921 0.00226851 0.00268369 0.00316282 0.00375001 0.00456332 0.00597929 0.0113908 0.0625572 0.292105 0.665511 0.917991 0.822163 0.446377 
1 1 1 1 1 1 1 1 1 1 1 0.779063 0.450379 0.285165 0.252762 0.245898 0.244347 0.244378 0.244833 0.245767 0.247292 0.249731 0.254151 0.264606 0.283667 0.324429 0.451305 0.677265 0.852442 0.984079 
1 1 1 1 1 1 1 1 1 1 1 1 1 1 1 1 1 1 1 1 1 1 1 1 1 1 0.98322 0.917103 0.998784 1 
