1 1 1 1 1 1 1 1 1 1 1 1 1 1 1 1 1 1 1 0.998806 0.68876 0.296078 0.0468048 0.00211401 0.001 0.001 0.001 0.001 0.001 0.001 
1 1 1 1 0.966773 0.940837 0.947694 0.954285 0.963879 0.974994 0.986223 0.997619 1 1 0.990918 0.939588 0.864124 0.820442 0.853159 0.891743 0.958151 0.771129 0.320362 0.047462 0.00243394 0.001 0.001 0.001 0.001 0.001 
0.244311 0.521604 0.835916 0.915654 0.621569 0.287527 0.182552 0.17424 0.180047 0.188792 0.198498 0.210013 0.229975 0.275557 0.352147 0.447062 0.601688 0.758858 0.772486 0.592033 0.640876 0.936212 0.843305 0.384861 0.067207 0.00448314 0.001 0.001 0.001 0.001 
0.0086078 0.0490553 0.294753 0.745578 0.91456 0.559695 0.157189 0.0185586 0.00140213 0.001 0.0014127 0.00243016 0.00603007 0.0344337 0.188284 0.523453 0.824807 0.865523 0.604555 0.260004 0.153001 0.4653 0.905496 0.909285 0.46949 0.100722 0.00839528 0.001 0.001 0.001 
0.001 0.00138744 0.0345445 0.269329 0.721157 0.928862 0.612503 0.215519 0.0430907 0.00511078 0.001 0.00121745 0.0244596 0.190272 0.587937 0.931346 0.864795 0.51078 0.192574 0.0441808 0.0112719 0.068778 0.375203 0.842655 0.954385 0.560754 0.152536 0.016996 0.001 0.001 
0.001 0.001 0.00107027 0.0267188 0.226255 0.666421 0.910672 0.69954 0.328889 0.0988519 0.0221441 0.0585457 0.290207 0.729091 0.984223 0.754249 0.339009 0.0979785 0.0164228 0.00132581 0.001 0.00221092 0.041694 0.29441 0.763753 0.974643 0.656207 0.235648 0.0419756 0.0042295 
0.0110446 0.0103733 0.0106114 0.0129855 0.0481464 0.247987 0.616157 0.83563 0.730659 0.410866 0.20988 0.426632 0.851431 0.963597 0.610549 0.207086 0.0347307 0.00297202 0.001 0.001 0.001 0.001 0.00106055 0.0266949 0.22666 0.675277 0.959717 0.7632 0.361384 0.088879 
0.399862 0.382533 0.38297 0.385162 0.394791 0.427656 0.523172 0.689689 0.799463 0.728153 0.686278 0.894501 0.882788 0.48509 0.127856 0.0151076 0.00178785 0.00167729 0.0020371 0.00244755 0.00294243 0.00361285 0.00473083 0.00782527 0.0373269 0.211736 0.589784 0.891285 0.831379 0.460008 
1 1 1 1 1 1 1 1 1 1 1 0.902222 0.565629 0.308463 0.236876 0.22574 0.224669 0.225481 0.226527 0.227756 0.2293 0.231491 0.235324 0.24416 0.262232 0.300057 0.41161 0.641819 0.836535 0.982325 
1 1 1 1 1 1 1 1 1 1 1 1 0.982988 0.994105 0.996886 0.993713 0.992123 0.990992 0.990037 0.989146 0.988298 0.987442 0.986414 0.984434 0.980995 0.972609 0.958692 0.89534 0.978677 1 
