1 1 1 1 1 1 1 1 1 1 1 1 1 1 1 1 1 1 1 0.962398 0.624095 0.232248 0.0303023 0.00102585 0.001 0.001 0.001 0.001 0.001 0.001 
1 1 1 1 0.973476 0.950598 0.9578 0.964397 0.974091 0.985027 0.997093 1 1 1 0.99425 0.936774 0.861715 0.83138 0.869781 0.910607 0.960066 0.704046 0.256125 0.0326269 0.00142108 0.001 0.001 0.001 0.001 0.001 
0.246507 0.527324 0.839974 0.910533 0.60905 0.281502 0.184245 0.17729 0.183565 0.192523 0.202642 0.216378 0.240963 0.290822 0.367001 0.467716 0.632575 0.779623 0.752549 0.567042 0.693405 0.966951 0.788685 0.324147 0.0504154 0.00301223 0.001 0.001 0.001 0.001 
0.00876101 0.0508905 0.303276 0.755567 0.906864 0.53775 0.143511 0.0161175 0.00127218 0.00102142 0.00157121 0.00285771 0.00776362 0.0469873 0.233074 0.580315 0.855376 0.839259 0.538583 0.20588 0.172726 0.544351 0.949402 0.872841 0.414866 0.0811202 0.00635368 0.001 0.001 0.001 
0.001 0.00151636 0.0369482 0.282648 0.737026 0.921326 0.585854 0.197695 0.0375316 0.00421693 0.001 0.00207328 0.0348504 0.238695 0.657333 0.949766 0.816355 0.443689 0.152783 0.0288805 0.0119132 0.0945407 0.440534 0.892745 0.93695 0.515433 0.132097 0.0144035 0.001 0.001 
0.001 0.001 0.00122567 0.0295897 0.242385 0.688027 0.906549 0.672721 0.304496 0.086817 0.0225909 0.0769658 0.345985 0.791364 0.977661 0.686761 0.284481 0.0744257 0.0108373 0.001 0.001 0.00366251 0.0567613 0.345442 0.812694 0.972271 0.62409 0.218686 0.039127 0.00395678 
0.0112683 0.0105918 0.010862 0.0135892 0.0533773 0.267735 0.637173 0.837163 0.707097 0.38143 0.221264 0.48763 0.895646 0.933923 0.539774 0.164083 0.024433 0.00174828 0.001 0.001 0.001 0.001 0.00165815 0.0351831 0.263357 0.716556 0.967434 0.748137 0.350601 0.0863176 
0.402049 0.384691 0.385166 0.387586 0.397761 0.433287 0.535172 0.703547 0.800592 0.719718 0.709428 0.916934 0.840911 0.421488 0.0963402 0.0102942 0.00161186 0.00172496 0.00209131 0.00251077 0.00302121 0.00372403 0.00492695 0.00864018 0.0446613 0.238355 0.616916 0.901266 0.827996 0.454864 
1 1 1 1 1 1 1 1 1 1 1 0.864936 0.523182 0.293248 0.238077 0.228108 0.226994 0.227911 0.228988 0.230267 0.231894 0.234237 0.23841 0.248202 0.267489 0.307919 0.425533 0.654722 0.842339 0.982688 
1 1 1 1 1 1 1 1 1 1 1 1 0.996612 1 1 1 1 1 1 0.999479 0.998753 0.998038 0.997118 0.99508 0.991587 0.982354 0.967647 0.902967 0.985722 1 
