1 1 1 1 1 1 1 1 1 1 1 1 1 1 1 1 1 1 1 0.876359 0.503072 0.14086 0.0133264 0.001 0.001 0.001 0.001 0.001 0.001 0.001 
1 1 1 1 0.987435 0.970145 0.9777 0.984105 0.994311 1 1 1 1 1 0.997161 0.931136 0.863552 0.859274 0.895869 0.947767 0.934576 0.574247 0.16345 0.0166735 0.001 0.001 0.001 0.001 0.001 0.001 
0.251777 0.540862 0.849151 0.897983 0.580525 0.268796 0.187418 0.183113 0.190223 0.200752 0.215009 0.233331 0.265607 0.321982 0.391876 0.510033 0.69115 0.802095 0.693753 0.556894 0.802436 0.986422 0.678609 0.231318 0.0301393 0.00142283 0.001 0.001 0.001 0.001 
0.00914285 0.0556407 0.323948 0.77779 0.887353 0.489072 0.115657 0.0116115 0.00111545 0.00125083 0.00212091 0.00417006 0.0133897 0.0816615 0.330929 0.683114 0.888688 0.765529 0.419982 0.148546 0.242932 0.682151 0.998876 0.79333 0.327076 0.0550467 0.00380567 0.001 0.001 0.001 
0.001 0.00187271 0.0432079 0.314341 0.771209 0.900349 0.527246 0.161588 0.0273468 0.00265565 0.001 0.00536665 0.0664978 0.346364 0.779983 0.952891 0.709735 0.330286 0.0976303 0.0146957 0.0188832 0.154666 0.558589 0.963292 0.892332 0.439717 0.102532 0.0108528 0.001 0.001 
0.001 0.001 0.00166088 0.0372339 0.280777 0.733498 0.891682 0.612701 0.255026 0.0636006 0.0257062 0.126 0.468138 0.893613 0.933069 0.555897 0.19894 0.0428787 0.00491004 0.001 0.001 0.00794076 0.0930269 0.438789 0.89004 0.958476 0.569067 0.193015 0.0350261 0.00356475 
0.0117735 0.0110875 0.0114408 0.015198 0.0668681 0.313953 0.680591 0.834049 0.652425 0.322816 0.257479 0.611416 0.957661 0.849172 0.409794 0.100064 0.0122237 0.001 0.001 0.001 0.001 0.001 0.0035116 0.0551987 0.331674 0.785054 0.97605 0.72236 0.333976 0.0825152 
0.406766 0.389354 0.389928 0.392937 0.404521 0.446595 0.562599 0.731676 0.798261 0.706958 0.763231 0.941299 0.741607 0.308403 0.0540093 0.00520561 0.00189623 0.0022121 0.00261874 0.00308793 0.00366316 0.00446068 0.00585081 0.0111045 0.0610623 0.288121 0.662012 0.916625 0.822353 0.446841 
1 1 1 1 1 1 1 1 1 1 1 0.785716 0.455126 0.285325 0.251709 0.244601 0.24298 0.24299 0.243421 0.244329 0.245823 0.248222 0.252578 0.262898 0.281963 0.323156 0.449576 0.675766 0.851744 0.983956 
1 1 1 1 1 1 1 1 1 1 1 1 1 1 1 1 1 1 1 1 1 1 1 1 1 1 0.982308 0.916175 0.99794 1 
