1 1 1 1 1 1 1 1 1 1 1 1 1 1 1 1 1 1 1 0.883546 0.512487 0.146772 0.014222 0.001 0.001 0.001 0.001 0.001 0.001 0.001 
1 1 1 1 0.986326 0.96864 0.976198 0.982659 0.992591 1 1 1 1 1 0.997065 0.931531 0.863069 0.856802 0.893883 0.945005 0.937941 0.584307 0.169542 0.017558 0.001 0.001 0.001 0.001 0.001 0.001 
0.251332 0.539723 0.848399 0.899092 0.582956 0.26985 0.187201 0.182696 0.189715 0.199848 0.213871 0.231975 0.263621 0.319509 0.390001 0.506447 0.686458 0.80092 0.698781 0.555977 0.794095 0.986708 0.687471 0.23774 0.0313563 0.00150933 0.001 0.001 0.001 0.001 
0.00910825 0.0552001 0.322045 0.775718 0.88888 0.493033 0.117848 0.0119468 0.00112162 0.00122411 0.00206593 0.0040461 0.0128107 0.0783631 0.322706 0.675036 0.886784 0.771999 0.42904 0.151377 0.236319 0.672231 0.996911 0.800406 0.333542 0.0567317 0.00396192 0.001 0.001 0.001 
0.001 0.00183739 0.0426037 0.311399 0.768003 0.901912 0.531945 0.164428 0.028104 0.00276774 0.001 0.00500029 0.0632733 0.337006 0.770479 0.953407 0.718241 0.338446 0.10131 0.0153762 0.0180705 0.149561 0.550103 0.959762 0.897222 0.445667 0.104582 0.0110882 0.001 0.001 
0.001 0.001 0.00161739 0.0364835 0.277202 0.729364 0.892789 0.617589 0.258945 0.0653537 0.0252909 0.121342 0.457638 0.886059 0.937381 0.565747 0.204824 0.0448666 0.00524004 0.001 0.001 0.00753156 0.0899311 0.432206 0.885836 0.961118 0.573689 0.194889 0.0353107 0.00359153 
0.0117396 0.0110538 0.0113994 0.0150529 0.0656023 0.309778 0.676777 0.834368 0.65705 0.327293 0.253749 0.601301 0.953618 0.856614 0.419351 0.104232 0.0129301 0.001 0.001 0.001 0.001 0.001 0.0033367 0.0535226 0.326907 0.781169 0.97666 0.724764 0.335245 0.0827902 
0.406452 0.389044 0.389608 0.392564 0.404016 0.445477 0.560205 0.729325 0.798634 0.707714 0.758574 0.940218 0.750072 0.316751 0.0565716 0.00545807 0.00185363 0.00215529 0.00255333 0.00301256 0.00357582 0.00435758 0.00572183 0.0108226 0.0596435 0.284561 0.659425 0.916188 0.823056 0.447471 
1 1 1 1 1 1 1 1 1 1 1 0.792266 0.459882 0.285501 0.250624 0.243263 0.241572 0.24156 0.241968 0.242849 0.24431 0.246667 0.250958 0.261136 0.280207 0.321879 0.44796 0.674545 0.851268 0.983906 
1 1 1 1 1 1 1 1 1 1 1 1 1 1 1 1 1 1 1 1 1 1 1 1 1 0.998601 0.981313 0.915319 0.997153 1 
