1 1 1 1 1 1 1 1 1 1 1 1 1 1 1 1 1 1 1 1 0.803574 0.425615 0.0958015 0.00672029 0.001 0.001 0.001 0.001 0.001 0.001 
1 1 1 1 0.956067 0.924909 0.930875 0.93742 0.94682 0.958049 0.969567 0.98064 0.990003 0.99315 0.983738 0.943086 0.871854 0.808385 0.821329 0.867944 0.934752 0.866699 0.454193 0.0918448 0.00607701 0.001 0.001 0.001 0.001 0.001 
0.241241 0.514097 0.830798 0.922561 0.638499 0.295725 0.179224 0.168807 0.173797 0.182203 0.191703 0.202338 0.218083 0.25532 0.325901 0.415012 0.550868 0.711834 0.782982 0.656073 0.579415 0.850321 0.916029 0.506305 0.112213 0.00890308 0.001 0.001 0.001 0.001 
0.00838283 0.0468763 0.284273 0.732651 0.924841 0.590841 0.177968 0.0226324 0.00166438 0.001 0.00123412 0.00201448 0.00438477 0.0206679 0.127714 0.427042 0.754854 0.885295 0.712905 0.377407 0.152326 0.33126 0.798888 0.952461 0.574554 0.148068 0.0138354 0.001 0.001 0.001 
0.001 0.00124474 0.0316776 0.252053 0.698925 0.938065 0.651243 0.243247 0.0524538 0.00669427 0.001 0.001 0.0131716 0.123543 0.470779 0.872482 0.927489 0.63066 0.280004 0.0829767 0.0145828 0.0363973 0.264223 0.735841 0.968113 0.645323 0.198313 0.0234465 0.00103608 0.001 
0.001 0.001 0.001 0.0232228 0.204717 0.634811 0.914124 0.738346 0.367015 0.117927 0.0228891 0.0366578 0.210133 0.617698 0.967481 0.858794 0.447611 0.151458 0.0323752 0.00368396 0.001 0.001 0.0225715 0.208465 0.667003 0.966583 0.715156 0.272518 0.0488863 0.0049204 
0.0106113 0.00995454 0.0101517 0.0121104 0.0413703 0.220815 0.584349 0.830555 0.763819 0.456069 0.201219 0.335686 0.763932 0.988863 0.728474 0.294583 0.0617763 0.00696822 0.001 0.001 0.001 0.001 0.001 0.0154492 0.165662 0.59618 0.938623 0.791171 0.38498 0.0950789 
0.396164 0.378868 0.379255 0.381159 0.390053 0.41936 0.505881 0.668308 0.795558 0.74387 0.65631 0.845447 0.934496 0.594996 0.195363 0.0278145 0.00260229 0.00160219 0.0019459 0.00234786 0.00282764 0.00346348 0.00448241 0.00687294 0.0271906 0.168212 0.537821 0.869642 0.837885 0.47156 
1 1 1 1 1 1 1 1 1 1 1 0.956367 0.637916 0.346299 0.240414 0.22313 0.220761 0.221194 0.222204 0.223346 0.22475 0.226715 0.230089 0.237638 0.254222 0.288084 0.387389 0.616338 0.824507 0.982603 
1 1 1 1 1 1 1 1 1 1 1 1 0.962212 0.971604 0.97844 0.975943 0.974138 0.972994 0.97195 0.970803 0.969577 0.968291 0.966889 0.964827 0.961355 0.954267 0.941647 0.880789 0.964994 1 
