1 1 1 1 1 1 1 1 1 1 1 1 1 1 1 1 1 1 1 1 0.849852 0.484405 0.126667 0.0105435 0.001 0.001 0.001 0.001 0.001 0.001 
1 1 1 1 0.951206 0.918073 0.923577 0.930133 0.939485 0.950764 0.962369 0.973579 0.983278 0.987379 0.9797 0.942996 0.874387 0.804947 0.807097 0.855897 0.919992 0.895491 0.517603 0.120695 0.00893469 0.001 0.001 0.001 0.001 0.001 
0.239718 0.511221 0.828983 0.924352 0.643234 0.297702 0.177337 0.166247 0.170949 0.179231 0.18867 0.199112 0.214015 0.24845 0.315911 0.403284 0.530387 0.689294 0.780157 0.684268 0.567414 0.803428 0.933847 0.563189 0.139982 0.011997 0.001 0.001 0.001 0.001 
0.00825737 0.0463095 0.281625 0.72905 0.927836 0.60061 0.18504 0.0242003 0.00178653 0.001 0.00116719 0.00188573 0.00397853 0.017299 0.109445 0.389384 0.721134 0.884243 0.752483 0.427782 0.164704 0.280419 0.741999 0.959724 0.622345 0.175152 0.0173686 0.001 0.001 0.001 
0.001 0.00121704 0.0309686 0.247125 0.691952 0.940482 0.663969 0.253217 0.0563647 0.00746969 0.001 0.001 0.0102417 0.102672 0.425745 0.839321 0.944348 0.679767 0.322243 0.102242 0.0181276 0.0273936 0.219829 0.682821 0.965207 0.682863 0.223215 0.027539 0.00130204 0.001 
0.001 0.001 0.001 0.0222827 0.198356 0.62451 0.914228 0.751047 0.381241 0.125617 0.0240665 0.0308169 0.183393 0.572543 0.950598 0.895233 0.497319 0.178783 0.0418061 0.00530469 0.001 0.001 0.0168109 0.17452 0.621206 0.956549 0.741072 0.292594 0.0533939 0.00541899 
0.0102841 0.00964313 0.00982942 0.011676 0.0392982 0.212565 0.573682 0.827529 0.774053 0.472436 0.202176 0.305492 0.726178 0.990162 0.773772 0.335372 0.0773927 0.00967552 0.001 0.001 0.001 0.001 0.001 0.0119206 0.141909 0.559569 0.924981 0.803694 0.398437 0.0992733 
0.393741 0.376455 0.376828 0.378658 0.387333 0.415756 0.500029 0.660766 0.792868 0.749244 0.647568 0.823416 0.947906 0.638605 0.227176 0.0353228 0.00328593 0.00158129 0.00191701 0.00232761 0.00281963 0.00347128 0.00450441 0.00679505 0.0244622 0.152704 0.514126 0.857247 0.840589 0.478491 
1 1 1 1 1 1 1 1 1 1 1 0.973962 0.666295 0.365086 0.243042 0.222339 0.219099 0.219296 0.220309 0.221443 0.222834 0.224791 0.228152 0.235556 0.252117 0.284923 0.378223 0.603519 0.817609 0.982802 
1 1 1 1 1 1 1 1 1 1 1 1 0.954045 0.961355 0.970196 0.968062 0.96612 0.964963 0.963844 0.96252 0.961041 0.959465 0.957797 0.955578 0.951986 0.945241 0.933116 0.873497 0.957567 1 
