1 1 1 1 1 1 1 1 1 1 1 1 1 1 1 1 1 1 1 0.926867 0.571626 0.188289 0.0212677 0.001 0.001 0.001 0.001 0.001 0.001 0.001 
1 1 1 1 0.979505 0.959116 0.96655 0.973109 0.982796 0.994225 1 1 1 1 0.996189 0.934447 0.861588 0.842476 0.881453 0.927072 0.953626 0.647687 0.211844 0.0242954 0.001 0.001 0.001 0.001 0.001 0.001 
0.248671 0.532865 0.843827 0.90566 0.597581 0.276273 0.185688 0.179873 0.186491 0.195754 0.207068 0.223415 0.251302 0.304115 0.37826 0.485461 0.657877 0.791705 0.729269 0.556823 0.740735 0.981656 0.74186 0.280811 0.0402025 0.00217735 0.001 0.001 0.001 0.001 
0.00891128 0.052714 0.311343 0.764399 0.899083 0.517809 0.131746 0.014144 0.00118774 0.00109717 0.00176335 0.00334606 0.00975485 0.0600716 0.273527 0.625295 0.87301 0.810417 0.486539 0.174906 0.198878 0.606686 0.976884 0.840677 0.37495 0.0684252 0.00508398 0.001 0.001 0.001 
0.001 0.00164795 0.0393108 0.295028 0.750742 0.913101 0.561726 0.182436 0.0330628 0.00351888 0.001 0.00316376 0.0461992 0.28242 0.711497 0.955119 0.771796 0.392501 0.126526 0.021017 0.0140057 0.119044 0.493517 0.928677 0.920902 0.481905 0.118181 0.012699 0.001 0.001 
0.001 0.001 0.00138555 0.0324428 0.25737 0.706534 0.901005 0.648194 0.283637 0.0767754 0.0234617 0.0954904 0.395793 0.837863 0.96267 0.629919 0.244894 0.0590715 0.00775606 0.001 0.001 0.00525989 0.0713976 0.387386 0.850543 0.969689 0.600416 0.206913 0.0372108 0.00377341 
0.0114885 0.010807 0.0111089 0.0142087 0.0585275 0.286014 0.655045 0.836646 0.685134 0.356335 0.234154 0.539645 0.925742 0.901266 0.482391 0.133682 0.0182365 0.00112782 0.001 0.001 0.001 0.001 0.00235382 0.0433292 0.294037 0.749546 0.973972 0.737623 0.343186 0.084591 
0.40421 0.386823 0.387336 0.389984 0.400697 0.438757 0.546277 0.715349 0.800389 0.713647 0.731118 0.930448 0.800998 0.371338 0.0754505 0.00755175 0.00164217 0.00184734 0.00220851 0.00262594 0.00313985 0.00385875 0.00511892 0.00941763 0.0512845 0.260583 0.638704 0.909769 0.826203 0.451408 
1 1 1 1 1 1 1 1 1 1 1 0.832176 0.491184 0.287976 0.243838 0.234859 0.232822 0.232734 0.233113 0.233946 0.235317 0.237538 0.241656 0.251655 0.271525 0.314279 0.436746 0.665036 0.847196 0.983489 
1 1 1 1 1 1 1 1 1 1 1 1 1 1 1 1 1 1 1 1 1 1 1 1 0.999222 0.989413 0.974694 0.90935 0.99161 1 
