1 1 1 1 1 1 1 1 1 1 1 1 1 1 1 1 1 1 1 1 0.734396 0.344531 0.062467 0.00337939 0.001 0.001 0.001 0.001 0.001 0.001 
1 1 1 1 0.962513 0.934485 0.941043 0.947627 0.957149 0.968324 0.979721 0.990574 0.999328 1 0.988147 0.941466 0.867151 0.814851 0.841276 0.883542 0.951425 0.81228 0.369587 0.0614573 0.00348769 0.001 0.001 0.001 0.001 0.001 
0.243071 0.518382 0.83365 0.918692 0.629022 0.291182 0.181341 0.172152 0.177632 0.18624 0.195855 0.206886 0.224412 0.266487 0.341707 0.433894 0.581319 0.741598 0.779714 0.615891 0.611826 0.907308 0.875912 0.43003 0.0819647 0.00585873 0.001 0.001 0.001 0.001 
0.00852047 0.0480593 0.289971 0.739777 0.919053 0.573098 0.165915 0.0202074 0.00150169 0.001 0.00133547 0.00223731 0.00522879 0.0279644 0.161827 0.484919 0.799385 0.877062 0.648944 0.304709 0.148018 0.411563 0.868435 0.929791 0.509154 0.116928 0.0101698 0.001 0.001 0.001 
0.001 0.00131966 0.0332259 0.261628 0.711506 0.933012 0.628995 0.227031 0.0468518 0.00572929 0.001 0.001 0.0191763 0.161316 0.54084 0.911984 0.892928 0.557914 0.224475 0.0580683 0.0119113 0.0542199 0.331112 0.803871 0.962637 0.593055 0.168675 0.0191529 0.001 0.001 
0.001 0.001 0.00100217 0.0251294 0.216766 0.652924 0.912508 0.716085 0.344666 0.106687 0.0222045 0.0485274 0.256129 0.685273 0.98175 0.797717 0.379749 0.117108 0.021672 0.00203504 0.001 0.00150689 0.0332033 0.260121 0.727691 0.973624 0.678862 0.248775 0.0443004 0.00445576 
0.0109001 0.0102326 0.0104522 0.0126365 0.0451574 0.236165 0.602761 0.833887 0.744956 0.429747 0.204862 0.388187 0.818108 0.977376 0.658045 0.239675 0.0438252 0.00420777 0.001 0.001 0.001 0.001 0.001 0.0217845 0.202203 0.645461 0.952852 0.773904 0.369736 0.0909583 
0.398533 0.381219 0.381634 0.383696 0.393005 0.424289 0.515853 0.680774 0.798164 0.734397 0.672947 0.876319 0.906367 0.528781 0.152709 0.0193747 0.00200777 0.00164543 0.00200005 0.00240563 0.00289205 0.00354435 0.00461385 0.00737499 0.0329132 0.194073 0.570179 0.883632 0.833872 0.464041 
1 1 1 1 1 1 1 1 1 1 1 0.925286 0.594513 0.322027 0.237845 0.22457 0.223117 0.223819 0.22485 0.226045 0.227531 0.229625 0.23325 0.241507 0.258883 0.295047 0.402054 0.632397 0.832218 0.982333 
1 1 1 1 1 1 1 1 1 1 1 1 0.974627 0.98557 0.989773 0.986816 0.985164 0.984029 0.983049 0.982078 0.981112 0.980121 0.978981 0.977003 0.973571 0.965728 0.952319 0.889895 0.973641 1 
