1 1 1 1 1 1 1 1 1 1 1 1 1 1 1 1 1 1 1 1 0.974607 0.655848 0.263682 0.0377569 0.00144059 0.001 0.001 0.001 0.001 0.001 
1 1 1 1 0.888472 0.845207 0.845326 0.853718 0.864347 0.876374 0.888054 0.89812 0.904425 0.903121 0.889798 0.856783 0.799738 0.739155 0.746633 0.805999 0.860373 0.927042 0.716549 0.265622 0.0324031 0.00118231 0.001 0.001 0.001 0.001 
0.214183 0.482627 0.825283 0.920344 0.623281 0.268945 0.143059 0.132302 0.138174 0.15061 0.167778 0.188967 0.217823 0.260324 0.31257 0.362981 0.444154 0.588007 0.730752 0.726675 0.561002 0.637419 0.910175 0.750926 0.285787 0.0370499 0.00164417 0.001 0.001 0.001 
0.00591628 0.0468293 0.299415 0.746598 0.929478 0.603983 0.200119 0.0347236 0.0050396 0.00325082 0.0074549 0.0167465 0.0383287 0.0849756 0.178202 0.354225 0.609206 0.818894 0.804967 0.556677 0.258022 0.176202 0.515971 0.905142 0.781727 0.318969 0.0482445 0.00283993 0.001 0.001 
0.001 0.00160091 0.0351601 0.257823 0.695229 0.938855 0.688364 0.293486 0.0904468 0.0281404 0.0122223 0.0100277 0.0310333 0.125917 0.374588 0.716113 0.909046 0.784007 0.462824 0.190553 0.057992 0.0213297 0.105582 0.47548 0.886251 0.80944 0.367443 0.0723423 0.00630237 0.001 
0.001 0.001 0.00106921 0.0250617 0.204448 0.617121 0.901519 0.775178 0.450522 0.201382 0.0737719 0.0486573 0.167139 0.483326 0.846029 0.927277 0.659426 0.311549 0.102685 0.0257965 0.0063055 0.00181403 0.00981745 0.0945152 0.44286 0.854796 0.834038 0.439141 0.113132 0.0146679 
0.00458498 0.0043062 0.00455567 0.00672201 0.0369357 0.210908 0.556912 0.802726 0.779614 0.541138 0.28317 0.290591 0.62199 0.930046 0.861993 0.493996 0.175913 0.0397916 0.00749725 0.0025644 0.00205323 0.00143701 0.00208457 0.0153715 0.107725 0.425503 0.805305 0.850889 0.521025 0.160009 
0.345325 0.328551 0.328941 0.331109 0.34016 0.374844 0.47678 0.641859 0.765886 0.736308 0.634929 0.752756 0.92739 0.751424 0.365272 0.104763 0.0181764 0.00386971 0.00504478 0.00813889 0.0113256 0.0147023 0.0204839 0.0338851 0.0753278 0.193217 0.436401 0.744162 0.841531 0.555075 
1 1 1 1 1 1 1 1 1 1 1 0.981378 0.741637 0.452131 0.277278 0.23177 0.218172 0.215448 0.218775 0.224414 0.231868 0.242069 0.257662 0.28149 0.316361 0.358642 0.40141 0.52066 0.744246 0.982204 
1 1 1 1 1 1 1 1 1 1 1 1 0.948242 0.927634 0.942374 0.94154 0.937003 0.933895 0.931073 0.927771 0.924045 0.919994 0.915336 0.908815 0.898657 0.884496 0.870443 0.815984 0.883747 1 
