1 1 1 1 1 1 1 1 1 1 1 1 1 1 1 1 1 0.960212 0.89659 0.827865 0.729367 0.580077 0.389106 0.196652 0.0632004 0.0110905 0.001 0.001 0.001 0.001 
1 1 1 0.97408 0.864369 0.792066 0.739468 0.695169 0.654546 0.61607 0.579963 0.547291 0.519053 0.495513 0.476854 0.462819 0.456316 0.462054 0.489594 0.547333 0.634031 0.714937 0.708703 0.55395 0.306457 0.104718 0.0192117 0.00168315 0.001 0.001 
0.2239 0.37075 0.579353 0.662774 0.58116 0.462898 0.381336 0.33773 0.319173 0.315268 0.318033 0.322426 0.327979 0.335141 0.343966 0.355154 0.36803 0.377726 0.380612 0.379979 0.395651 0.470017 0.622121 0.749902 0.687747 0.427837 0.1589 0.0303611 0.00266912 0.001 
0.0516743 0.142264 0.377705 0.573362 0.596129 0.515292 0.430917 0.375417 0.346161 0.334973 0.333962 0.33778 0.344263 0.35337 0.365367 0.379253 0.391165 0.395512 0.387447 0.363009 0.323485 0.294009 0.334671 0.496023 0.706125 0.745219 0.511581 0.198688 0.0368362 0.00343471 
0.0240765 0.0703823 0.22278 0.429075 0.547336 0.545524 0.492647 0.440216 0.401211 0.375829 0.362402 0.358761 0.362643 0.372063 0.38466 0.39608 0.400933 0.396039 0.380016 0.352601 0.316935 0.278187 0.246908 0.264418 0.402853 0.641441 0.75017 0.543241 0.203931 0.0373761 
0.0160431 0.0426011 0.133029 0.292651 0.441016 0.507663 0.506074 0.478238 0.447146 0.41993 0.400477 0.391391 0.391916 0.398482 0.405596 0.407113 0.399689 0.383481 0.359339 0.329882 0.300915 0.276723 0.255812 0.237911 0.245372 0.357385 0.59694 0.732574 0.51626 0.180083 
0.0130167 0.0315688 0.0890999 0.199176 0.333588 0.437629 0.486434 0.492653 0.478803 0.459368 0.442244 0.431507 0.426608 0.423527 0.417023 0.404017 0.385148 0.361521 0.334268 0.308007 0.288241 0.275612 0.267421 0.262555 0.259142 0.264993 0.35525 0.5973 0.713299 0.452046 
0.203026 0.200966 0.224257 0.275128 0.354236 0.438791 0.496123 0.513021 0.503421 0.486054 0.469404 0.454062 0.438949 0.421245 0.399165 0.37481 0.35069 0.325916 0.302144 0.28493 0.277307 0.276916 0.280325 0.286089 0.293707 0.294911 0.29367 0.395022 0.643921 0.718848 
1 1 1 1 1 1 0.962843 0.896642 0.822362 0.749601 0.682599 0.621931 0.566131 0.514071 0.467557 0.43055 0.402491 0.3798 0.364089 0.358412 0.36202 0.371822 0.383806 0.392853 0.394562 0.392467 0.379157 0.362531 0.501603 0.906637 
1 1 1 1 1 1 1 1 1 1 1 1 1 1 1 0.968845 0.923259 0.891344 0.869689 0.855128 0.844276 0.832504 0.814588 0.786744 0.748832 0.701908 0.659072 0.591177 0.613447 1 
