1 1 1 1 1 1 1 1 1 1 1 1 1 1 1 1 1 1 1 0.975865 0.645432 0.252284 0.0350171 0.0013079 0.001 0.001 0.001 0.001 0.001 0.001 
1 1 1 1 0.971218 0.947339 0.95444 0.961035 0.970695 0.981751 0.993253 1 1 1 0.993287 0.937711 0.862196 0.827422 0.864642 0.903772 0.960755 0.726904 0.276284 0.0369093 0.0017013 0.001 0.001 0.001 0.001 0.001 
0.245736 0.525325 0.838566 0.912326 0.613385 0.283567 0.183697 0.176287 0.182408 0.1913 0.201236 0.213831 0.23707 0.285636 0.362189 0.460676 0.622206 0.773446 0.760441 0.573781 0.674927 0.958347 0.807495 0.343515 0.0554316 0.00344011 0.001 0.001 0.001 0.001 
0.0087062 0.0502361 0.300271 0.752089 0.909554 0.545276 0.148123 0.0169222 0.00131235 0.00100261 0.00151019 0.00269243 0.00710942 0.0424103 0.21752 0.561514 0.84625 0.849155 0.560232 0.221839 0.164483 0.518289 0.936207 0.885639 0.432491 0.0871344 0.00696888 0.001 0.001 0.001 
0.001 0.00146968 0.0360902 0.277984 0.731573 0.924015 0.594961 0.203684 0.0393626 0.00450866 0.001 0.00173682 0.0310191 0.221941 0.634483 0.945012 0.833206 0.465432 0.164941 0.033193 0.0114712 0.0854225 0.418845 0.877027 0.943365 0.530188 0.138502 0.015202 0.001 0.001 
0.001 0.001 0.00116926 0.0285654 0.236761 0.680668 0.908115 0.681905 0.31269 0.0908408 0.0223697 0.0703633 0.326814 0.771174 0.981168 0.709422 0.301787 0.0816088 0.0124284 0.001 0.001 0.0031214 0.0514057 0.328459 0.796964 0.973516 0.63461 0.224058 0.0400132 0.0040412 
0.0111907 0.010516 0.0107748 0.0133743 0.0515271 0.260882 0.630059 0.836822 0.715231 0.391337 0.216958 0.466986 0.881766 0.944951 0.563185 0.177625 0.0274746 0.00208695 0.001 0.001 0.001 0.001 0.00142393 0.0321889 0.251089 0.703151 0.965142 0.753066 0.35402 0.0871163 
0.401297 0.383949 0.38441 0.38675 0.396733 0.431329 0.531037 0.698888 0.80036 0.722396 0.70133 0.910154 0.855654 0.442321 0.106052 0.0117057 0.00165271 0.00170744 0.00207217 0.00248886 0.00299426 0.00368626 0.00486022 0.00835202 0.0421224 0.229448 0.608096 0.898085 0.829082 0.456486 
1 1 1 1 1 1 1 1 1 1 1 0.877712 0.537137 0.296955 0.236611 0.22708 0.226228 0.227106 0.228167 0.229431 0.231032 0.233326 0.237385 0.246855 0.265724 0.305265 0.420929 0.650536 0.840464 0.98253 
1 1 1 1 1 1 1 1 1 1 1 1 0.991502 1 1 1 0.99894 0.997833 0.996889 0.996052 0.995291 0.994537 0.993589 0.991578 0.988108 0.979154 0.9647 0.900447 0.983413 1 
