1 1 1 1 1 1 1 1 1 1 1 1 1 1 0.984792 0.953018 0.91261 0.86265 0.809202 0.756803 0.701348 0.630347 0.532578 0.410639 0.279025 0.161135 0.0754435 0.0272454 0.0074267 0.00181797 
1 1 0.981651 0.890236 0.840643 0.800294 0.758494 0.714053 0.668878 0.623711 0.582812 0.548859 0.521544 0.503684 0.498887 0.498174 0.493686 0.487428 0.487719 0.507933 0.546163 0.583743 0.597696 0.564363 0.472811 0.338532 0.199181 0.0917131 0.0306849 0.00799402 
0.378945 0.441288 0.458649 0.458911 0.452658 0.439745 0.420599 0.399441 0.379764 0.364249 0.352331 0.338462 0.328132 0.322887 0.321829 0.325603 0.339669 0.353864 0.366407 0.385195 0.419896 0.475222 0.545266 0.604625 0.611967 0.538974 0.396226 0.230983 0.0998232 0.0319382 
0.26222 0.314513 0.38166 0.416419 0.421013 0.413274 0.402401 0.389599 0.376534 0.367142 0.359534 0.354219 0.349438 0.345737 0.345016 0.348056 0.353071 0.357043 0.356427 0.352021 0.349788 0.36113 0.4016 0.478927 0.571365 0.621751 0.573792 0.423073 0.231979 0.0943461 
0.212575 0.253281 0.317775 0.369359 0.394234 0.40158 0.402435 0.400269 0.394012 0.384588 0.375529 0.368988 0.364794 0.362909 0.363984 0.36718 0.36793 0.365368 0.359448 0.348363 0.333074 0.319367 0.318286 0.345747 0.4186 0.530795 0.61791 0.585586 0.408575 0.207034 
0.177557 0.206936 0.256463 0.312388 0.358208 0.386409 0.400736 0.407343 0.40738 0.400955 0.391457 0.382812 0.376399 0.37274 0.372014 0.372369 0.369624 0.36395 0.355055 0.341525 0.325116 0.310318 0.301574 0.300966 0.318394 0.379997 0.500532 0.612827 0.567308 0.366553 
0.147262 0.17123 0.206223 0.260175 0.325461 0.373944 0.401785 0.414125 0.418406 0.415215 0.406212 0.395803 0.385352 0.37653 0.370373 0.365759 0.360927 0.354105 0.342377 0.327022 0.312893 0.304867 0.303008 0.304332 0.309359 0.320287 0.368559 0.506141 0.61939 0.55498 
0.252949 0.259098 0.28222 0.314003 0.347058 0.378141 0.407438 0.422266 0.424237 0.420358 0.412258 0.395933 0.379585 0.36687 0.356497 0.347121 0.342758 0.334635 0.320586 0.308224 0.303481 0.305094 0.310559 0.32187 0.332339 0.33063 0.322396 0.367579 0.538763 0.730179 
0.910119 0.899444 0.891336 0.87856 0.862527 0.838391 0.806503 0.76616 0.720093 0.671196 0.622796 0.582514 0.547987 0.52189 0.505368 0.489063 0.465346 0.436304 0.409864 0.400227 0.405183 0.414565 0.422183 0.425051 0.415089 0.394655 0.363461 0.332657 0.449973 0.878638 
1 1 1 1 1 1 1 1 1 1 1 1 1 1 0.967804 0.93047 0.892636 0.85372 0.822203 0.804685 0.801344 0.797802 0.78245 0.752346 0.710453 0.655994 0.60478 0.526791 0.55196 1 
