1 1 1 1 1 1 1 1 1 1 1 1 1 1 1 1 1 1 1 1 0.884322 0.530629 0.155739 0.0147948 0.001 0.001 0.001 0.001 0.001 0.001 
1 1 1 1 0.946546 0.912045 0.917167 0.9238 0.933153 0.944482 0.956154 0.967454 0.97734 0.981955 0.975174 0.941068 0.874684 0.801857 0.79585 0.846032 0.907591 0.912658 0.569383 0.148671 0.0121241 0.001 0.001 0.001 0.001 0.001 
0.238099 0.509033 0.827973 0.925211 0.645281 0.297918 0.175151 0.16374 0.168273 0.176472 0.185888 0.196268 0.210871 0.243923 0.309442 0.394735 0.513772 0.669676 0.774318 0.704313 0.564139 0.764981 0.94276 0.61128 0.167164 0.0153514 0.001 0.001 0.001 0.001 
0.00809916 0.0461222 0.280791 0.727245 0.928836 0.605621 0.189351 0.0253547 0.00189908 0.001 0.00111725 0.00181269 0.00381132 0.0158993 0.0995705 0.362688 0.692176 0.877464 0.778444 0.465801 0.180197 0.245667 0.695083 0.963535 0.664403 0.201617 0.0211835 0.001 0.001 0.001 
0.001 0.00121851 0.030706 0.244358 0.686825 0.939883 0.670777 0.259948 0.0597641 0.00832003 0.001 0.001 0.0086117 0.0898737 0.393289 0.808722 0.949657 0.714354 0.355986 0.118361 0.0222687 0.0222874 0.187752 0.641499 0.96427 0.717819 0.24797 0.0321435 0.00163861 0.001 
0.001 0.001 0.001 0.0217772 0.194404 0.61663 0.911499 0.757943 0.39197 0.132533 0.0259407 0.0276873 0.165857 0.538551 0.931069 0.915742 0.534975 0.201747 0.0503231 0.00690422 0.001 0.001 0.0132087 0.150611 0.587197 0.951684 0.76732 0.313921 0.0588634 0.00607401 
0.00984826 0.00923086 0.00941257 0.011198 0.0379202 0.207363 0.565725 0.823116 0.779409 0.484833 0.206258 0.286344 0.69661 0.985104 0.803432 0.366955 0.0913771 0.0123991 0.001 0.001 0.001 0.001 0.001 0.0097351 0.125767 0.533282 0.917112 0.819044 0.414401 0.104694 
0.390858 0.373571 0.373936 0.375739 0.384291 0.412428 0.496018 0.655258 0.789394 0.751817 0.64237 0.80585 0.953147 0.669031 0.252257 0.042411 0.0040401 0.00155325 0.00188472 0.00232326 0.00285976 0.00358056 0.0047209 0.00714861 0.0238896 0.144774 0.498437 0.849221 0.846211 0.487554 
1 1 1 1 1 1 1 1 1 1 1 0.98442 0.686096 0.379776 0.244798 0.220505 0.21594 0.215658 0.2167 0.218158 0.220156 0.222954 0.22733 0.235837 0.253737 0.286918 0.375078 0.594518 0.81284 0.984339 
1 1 1 1 1 1 1 1 1 1 1 1 0.946749 0.950365 0.959216 0.955515 0.951663 0.949374 0.948138 0.947809 0.948297 0.949316 0.9504 0.950608 0.94861 0.942632 0.930497 0.870743 0.951984 1 
