1 1 1 1 1 1 1 1 1 1 1 1 1 1 1 1 1 1 1 1 0.815386 0.440339 0.102914 0.00753817 0.001 0.001 0.001 0.001 0.001 0.001 
1 1 1 1 0.954945 0.923315 0.929196 0.935755 0.945155 0.956411 0.967968 0.979094 0.988565 0.991974 0.983009 0.943269 0.872507 0.807303 0.817634 0.86497 0.931593 0.875327 0.470298 0.0985552 0.0067051 0.001 0.001 0.001 0.001 0.001 
0.240906 0.513474 0.830503 0.92318 0.639769 0.296286 0.178831 0.168244 0.173161 0.181541 0.191029 0.201616 0.217129 0.253622 0.323375 0.411919 0.545423 0.705873 0.782238 0.662923 0.575782 0.840175 0.923084 0.521584 0.118959 0.00962155 0.001 0.001 0.001 0.001 
0.00835348 0.04673 0.283545 0.731578 0.925282 0.592998 0.179637 0.0230057 0.0016931 0.001 0.00121849 0.00198208 0.00427294 0.0196965 0.122575 0.416706 0.745431 0.884415 0.722506 0.389723 0.154634 0.31869 0.78742 0.958237 0.588751 0.155102 0.0147005 0.001 0.001 0.001 
0.001 0.00123583 0.03147 0.250614 0.696558 0.937755 0.653825 0.245548 0.0533641 0.00686665 0.001 0.001 0.0123462 0.117759 0.458297 0.862671 0.930263 0.641888 0.289873 0.0875252 0.0152991 0.0339874 0.253796 0.726061 0.972639 0.65808 0.205281 0.0244929 0.00109813 0.001 
0.001 0.001 0.001 0.0229456 0.20279 0.631323 0.913124 0.740977 0.370375 0.119758 0.0231 0.0350096 0.202885 0.605293 0.961668 0.866161 0.458631 0.157638 0.0344978 0.00403943 0.001 0.001 0.0211081 0.200755 0.659326 0.969927 0.725633 0.278653 0.050098 0.00504443 
0.0105475 0.0098937 0.0100878 0.0120154 0.0407953 0.218353 0.580908 0.829214 0.766242 0.460125 0.201089 0.327475 0.753708 0.988059 0.738374 0.303677 0.0652026 0.00754827 0.001 0.001 0.001 0.001 0.001 0.0145808 0.160449 0.5905 0.940652 0.798231 0.389641 0.096284 
0.395693 0.378398 0.378783 0.380666 0.389499 0.41851 0.50424 0.666143 0.794826 0.745248 0.653796 0.839505 0.937331 0.605089 0.20268 0.0294602 0.00272857 0.00157959 0.00191884 0.00232065 0.00280279 0.00344342 0.00446748 0.00683125 0.0264903 0.164868 0.534603 0.870679 0.841557 0.474298 
1 1 1 1 1 1 1 1 1 1 1 0.96075 0.644536 0.350212 0.240286 0.221879 0.218968 0.219118 0.220074 0.22135 0.223061 0.225453 0.229299 0.23725 0.254181 0.288047 0.386361 0.615444 0.824995 0.98377 
1 1 1 1 1 1 1 1 1 1 1 1 0.959261 0.96725 0.973317 0.969416 0.966162 0.964076 0.962823 0.962276 0.962378 0.962924 0.96355 0.963391 0.961384 0.955243 0.942917 0.88182 0.964757 1 
