1 1 1 1 1 1 1 1 1 1 1 1 1 1 1 1 1 1 1 1 0.700273 0.307905 0.0503537 0.00238153 0.001 0.001 0.001 0.001 0.001 0.001 
1 1 1 1 0.965706 0.939271 0.946076 0.952679 0.962269 0.973416 0.984729 0.995885 1 1 0.99039 0.940159 0.86479 0.818814 0.850202 0.889869 0.957092 0.7822 0.332536 0.0506707 0.00266707 0.001 0.001 0.001 0.001 0.001 
0.243989 0.520784 0.835369 0.916464 0.623467 0.288461 0.182274 0.173749 0.17948 0.188195 0.197883 0.209257 0.228416 0.273201 0.349628 0.44369 0.596346 0.754418 0.774466 0.597665 0.633446 0.930587 0.853088 0.396605 0.0707669 0.00480595 0.001 0.001 0.001 0.001 
0.00858438 0.0487947 0.293495 0.744003 0.91554 0.562945 0.159338 0.0189636 0.00142642 0.001 0.00139259 0.00237684 0.00580489 0.0326672 0.181236 0.513267 0.817976 0.868229 0.615444 0.270673 0.151284 0.45257 0.898639 0.917051 0.480621 0.104876 0.00883636 0.001 0.001 0.001 
0.001 0.00136917 0.0341917 0.267267 0.718431 0.929535 0.616423 0.218343 0.044019 0.0052634 0.001 0.0011218 0.0230096 0.182562 0.575378 0.925719 0.871095 0.521954 0.200059 0.0473984 0.0113645 0.0650651 0.365093 0.835855 0.960009 0.570821 0.156987 0.017569 0.001 0.001 
0.001 0.001 0.00104872 0.0262901 0.223692 0.662628 0.910731 0.703504 0.332805 0.100823 0.0221303 0.0558533 0.281244 0.717474 0.982736 0.764107 0.348379 0.102395 0.0175974 0.00147768 0.001 0.00202121 0.0395722 0.286778 0.757783 0.97844 0.664422 0.239675 0.0426579 0.00429404 
0.0110105 0.01034 0.0105733 0.0128967 0.0473513 0.244818 0.612471 0.834957 0.734206 0.415624 0.208403 0.416652 0.84279 0.966505 0.621571 0.214596 0.0367615 0.00323986 0.001 0.001 0.001 0.001 0.00101357 0.0255029 0.221358 0.67059 0.961813 0.768515 0.364401 0.0895605 
0.399543 0.382218 0.38265 0.384808 0.394353 0.426789 0.521237 0.687329 0.799094 0.729628 0.682686 0.889879 0.888507 0.49549 0.133632 0.0160655 0.00182411 0.00165882 0.0020155 0.00242349 0.00291619 0.00358343 0.00469216 0.00770634 0.0362769 0.207995 0.586999 0.892158 0.833957 0.46173 
1 1 1 1 1 1 1 1 1 1 1 0.907989 0.572567 0.311379 0.236658 0.224769 0.223374 0.223987 0.224951 0.226206 0.227878 0.23027 0.234326 0.243304 0.261481 0.29917 0.410028 0.640894 0.836813 0.983019 
1 1 1 1 1 1 1 1 1 1 1 1 0.980462 0.991008 0.993263 0.989079 0.986459 0.984582 0.983302 0.982561 0.982315 0.982412 0.982537 0.981755 0.979363 0.971885 0.958535 0.895436 0.978309 1 
