1 1 1 1 1 1 1 1 1 1 1 1 1 1 1 1 1 1 0.976153 0.901193 0.770803 0.576813 0.351599 0.153389 0.0392402 0.0049784 0.001 0.001 0.001 0.001 
1 1 1 0.976885 0.851054 0.77985 0.733663 0.696321 0.662153 0.628928 0.596154 0.56477 0.53634 0.512029 0.492656 0.478491 0.473387 0.489405 0.530038 0.595922 0.682982 0.744902 0.693443 0.492779 0.237848 0.0663019 0.00917422 0.001 0.001 0.001 
0.200404 0.354611 0.602119 0.700475 0.588976 0.44132 0.351961 0.313083 0.303214 0.308316 0.318745 0.328986 0.33854 0.348636 0.360354 0.374663 0.390566 0.403854 0.408684 0.404374 0.412226 0.479263 0.620805 0.715792 0.608867 0.338991 0.106413 0.0159988 0.00100022 0.001 
0.0260175 0.104048 0.360579 0.607653 0.640816 0.531895 0.422551 0.357478 0.329206 0.323926 0.329893 0.339645 0.350562 0.363083 0.378281 0.395541 0.410582 0.416833 0.407837 0.378057 0.328315 0.286921 0.32107 0.477213 0.667264 0.668738 0.421655 0.142764 0.0215516 0.00152477 
0.005901 0.0389728 0.184389 0.431392 0.592909 0.593379 0.519656 0.44782 0.398088 0.36951 0.357281 0.356666 0.364297 0.378036 0.395382 0.411202 0.418642 0.413106 0.392969 0.359345 0.317119 0.271003 0.231216 0.243106 0.381207 0.611771 0.693451 0.471016 0.157556 0.0244208 
0.00308763 0.018805 0.0945741 0.269625 0.460353 0.553239 0.550117 0.507678 0.461968 0.424938 0.401142 0.392586 0.39739 0.41 0.422411 0.426374 0.417509 0.396616 0.366772 0.332761 0.300453 0.27248 0.246087 0.222392 0.22556 0.341522 0.584547 0.703946 0.470048 0.148675 
0.00416992 0.0138736 0.058639 0.169937 0.327699 0.459153 0.521044 0.525187 0.502386 0.474323 0.45283 0.443297 0.443629 0.445766 0.440687 0.424269 0.398778 0.368393 0.337095 0.309929 0.289826 0.274588 0.261716 0.252398 0.245453 0.249042 0.348559 0.602837 0.70631 0.424977 
0.212285 0.206543 0.223788 0.268587 0.348524 0.442365 0.511374 0.534147 0.523877 0.503929 0.486908 0.474452 0.4628 0.44565 0.419671 0.388411 0.357093 0.327737 0.302958 0.286527 0.278535 0.275124 0.273448 0.273906 0.2788 0.279729 0.281884 0.39984 0.660353 0.711863 
1 1 1 1 1 1 0.990756 0.924541 0.848522 0.772997 0.703393 0.639999 0.58079 0.524441 0.474098 0.439339 0.416239 0.39571 0.378661 0.367582 0.361902 0.360141 0.361114 0.362974 0.363731 0.367629 0.363633 0.357658 0.511054 0.912858 
1 1 1 1 1 1 1 1 1 1 1 1 1 1 1 1 0.982483 0.962774 0.934696 0.898163 0.854933 0.808376 0.762223 0.719488 0.682321 0.649297 0.628086 0.581047 0.622771 1 
