1 1 1 1 1 1 1 1 1 1 1 1 1 1 1 1 1 1 1 1 0.769084 0.384157 0.077529 0.00478461 0.001 0.001 0.001 0.001 0.001 0.001 
1 1 1 1 0.959334 0.929741 0.936032 0.942605 0.952072 0.963286 0.974758 0.985739 0.99483 0.997187 0.986209 0.94246 0.869451 0.811218 0.831437 0.876156 0.94432 0.841587 0.410883 0.0751673 0.0046046 0.001 0.001 0.001 0.001 0.001 
0.242185 0.516257 0.832285 0.920829 0.634013 0.293596 0.180347 0.170529 0.175761 0.18427 0.193827 0.204652 0.221224 0.26084 0.333782 0.424153 0.565751 0.726853 0.782129 0.635342 0.593903 0.881832 0.899234 0.468081 0.0959953 0.0072291 0.001 0.001 0.001 0.001 
0.00845336 0.0474348 0.286928 0.735941 0.921872 0.582082 0.172021 0.0214202 0.00158091 0.001 0.0012847 0.00212247 0.00477356 0.0239832 0.143744 0.455276 0.776995 0.881673 0.681029 0.340404 0.148319 0.371628 0.837735 0.945436 0.543025 0.131918 0.0118781 0.001 0.001 0.001 
0.001 0.00127821 0.0323862 0.256483 0.704587 0.935089 0.640064 0.23518 0.0496364 0.00620012 0.001 0.001 0.0158993 0.141345 0.50472 0.892133 0.909904 0.593277 0.250866 0.0699328 0.0129472 0.0447565 0.298468 0.77409 0.970624 0.621536 0.183489 0.0212127 0.001 0.001 
0.001 0.001 0.001 0.0240945 0.210262 0.643001 0.912787 0.727216 0.35594 0.112357 0.0224403 0.0421051 0.232114 0.650744 0.974456 0.827336 0.411863 0.133182 0.0265309 0.00275766 0.001 0.00112768 0.0276613 0.235117 0.701473 0.975751 0.700127 0.261168 0.0465736 0.00467912 
0.0107743 0.010111 0.0103187 0.0123813 0.0431425 0.227934 0.592831 0.831922 0.754644 0.443201 0.202395 0.360834 0.790831 0.983218 0.692252 0.265638 0.0519681 0.00541819 0.001 0.001 0.001 0.001 0.001 0.018535 0.184659 0.624466 0.9509 0.785797 0.378226 0.0930808 
0.397476 0.380171 0.380572 0.382549 0.391639 0.421837 0.510627 0.674242 0.796891 0.739163 0.664013 0.860933 0.920867 0.561241 0.172995 0.0232055 0.0022424 0.00160899 0.00195645 0.00235815 0.00284038 0.00348466 0.00452913 0.00709323 0.029976 0.181677 0.556787 0.880471 0.838415 0.468542 
1 1 1 1 1 1 1 1 1 1 1 0.941228 0.615889 0.33315 0.238387 0.222943 0.220788 0.221166 0.222119 0.223373 0.225045 0.227404 0.231277 0.239532 0.256811 0.292088 0.39582 0.626495 0.83034 0.983394 
1 1 1 1 1 1 1 1 1 1 1 1 0.967751 0.97734 0.981717 0.977676 0.97472 0.972725 0.971455 0.970809 0.970737 0.971065 0.971458 0.971036 0.968882 0.962263 0.949568 0.887652 0.970737 1 
