1 1 1 1 1 1 1 1 1 1 1 1 1 1 1 1 1 1 0.99588 0.904904 0.760905 0.53165 0.267478 0.0724972 0.00833288 0.001 0.001 0.001 0.001 0.001 
1 1 1 0.96805 0.789736 0.7332 0.719317 0.716125 0.712853 0.702754 0.681349 0.648536 0.609381 0.570758 0.538012 0.514227 0.502103 0.507992 0.543196 0.61666 0.725069 0.801188 0.690206 0.389041 0.118525 0.0156834 0.001 0.001 0.001 0.001 
0.163814 0.360468 0.700587 0.824282 0.576632 0.298128 0.189316 0.182309 0.212805 0.259241 0.303033 0.331066 0.342414 0.345359 0.350268 0.36638 0.400143 0.445052 0.468102 0.441764 0.420629 0.528502 0.751764 0.798504 0.529911 0.192402 0.0307969 0.00199215 0.001 0.001 
0.00467742 0.0455206 0.303932 0.697418 0.793239 0.537945 0.283114 0.180838 0.179926 0.224113 0.273399 0.308743 0.330264 0.346143 0.368215 0.407608 0.460449 0.495847 0.477203 0.399878 0.297352 0.245745 0.362882 0.650123 0.829792 0.642917 0.271289 0.0506186 0.00381432 0.001 
0.001 0.00365693 0.0653252 0.335165 0.682239 0.755931 0.574529 0.383226 0.286576 0.268792 0.284727 0.304923 0.328251 0.363747 0.416871 0.477742 0.514151 0.493718 0.420109 0.332368 0.26176 0.208678 0.182449 0.272943 0.547716 0.806209 0.708707 0.333344 0.0671581 0.00610054 
0.001 0.001 0.00856361 0.0954882 0.363442 0.637398 0.697375 0.593883 0.462202 0.373175 0.333468 0.334031 0.372285 0.438606 0.505608 0.533618 0.497926 0.415071 0.329959 0.272973 0.241785 0.222099 0.200559 0.184357 0.237849 0.475196 0.762484 0.72571 0.353676 0.0757228 
0.00153921 0.00178692 0.00481867 0.0361105 0.16969 0.402015 0.584552 0.632564 0.576845 0.487719 0.425264 0.426462 0.481632 0.538428 0.545279 0.487079 0.39341 0.310537 0.264428 0.248801 0.243647 0.23596 0.226668 0.219034 0.216658 0.24843 0.448343 0.736093 0.707042 0.336908 
0.250862 0.238447 0.241262 0.253846 0.298694 0.395739 0.515706 0.595733 0.603864 0.562801 0.530315 0.540132 0.558432 0.530732 0.449444 0.352159 0.278182 0.240877 0.232088 0.236699 0.242822 0.245398 0.245026 0.247497 0.259235 0.269027 0.291912 0.483592 0.744509 0.673176 
1 1 1 1 1 1 1 1 0.962403 0.877353 0.794369 0.714149 0.621888 0.516671 0.422574 0.365517 0.336278 0.324665 0.324155 0.329773 0.338436 0.348787 0.360672 0.373518 0.385849 0.402186 0.399226 0.394526 0.570174 0.925903 
1 1 1 1 1 1 1 1 1 1 1 1 1 1 0.978932 0.954384 0.937224 0.919575 0.904043 0.890444 0.877354 0.86238 0.842907 0.817497 0.786054 0.746939 0.715492 0.652255 0.688113 1 
