1 1 1 1 1 1 1 1 1 1 1 1 1 1 1 1 1 1 1 1 0.906599 0.561473 0.17795 0.0184971 0.001 0.001 0.001 0.001 0.001 0.001 
1 1 1 1 0.942203 0.906778 0.911556 0.918299 0.927676 0.939031 0.950727 0.962053 0.971976 0.976723 0.970242 0.937629 0.873111 0.798946 0.788191 0.83909 0.89828 0.920516 0.604257 0.170342 0.0149208 0.001 0.001 0.001 0.001 0.001 
0.236463 0.507265 0.827279 0.925175 0.645443 0.296898 0.172745 0.161259 0.16573 0.1739 0.183355 0.193821 0.208596 0.241526 0.306251 0.389314 0.502143 0.655671 0.769014 0.716522 0.564355 0.737204 0.943415 0.643397 0.188075 0.0182142 0.001 0.001 0.001 0.001 
0.00792536 0.046162 0.281204 0.727036 0.929447 0.608312 0.191985 0.0262212 0.00200565 0.001 0.00109276 0.00180526 0.0038711 0.0160518 0.0967941 0.34847 0.673126 0.871153 0.794003 0.491023 0.193752 0.224474 0.659391 0.960078 0.691517 0.22154 0.0244237 0.001 0.001 0.001 
0.001 0.00123925 0.0307661 0.243428 0.684564 0.939929 0.67527 0.264764 0.0627055 0.00922951 0.001 0.001 0.00793064 0.0837638 0.375006 0.788709 0.951544 0.737224 0.379768 0.13019 0.0260002 0.0196845 0.166548 0.609428 0.957086 0.739201 0.266436 0.0362283 0.001982 0.001 
0.001 0.001 0.001 0.0216223 0.192747 0.612789 0.910048 0.762493 0.400251 0.138728 0.0282864 0.0265097 0.156349 0.518147 0.917553 0.928237 0.56186 0.219277 0.0570272 0.00826083 0.001 0.001 0.011103 0.134822 0.560175 0.941607 0.78244 0.330338 0.0639616 0.0067447 
0.00934985 0.00876095 0.0089426 0.0107048 0.0371016 0.204942 0.561632 0.819939 0.782175 0.494089 0.212146 0.27657 0.677864 0.98066 0.822804 0.389921 0.10263 0.0148249 0.00102906 0.001 0.001 0.001 0.001 0.00850122 0.115401 0.512244 0.905208 0.826878 0.427094 0.109829 
0.387705 0.370411 0.370773 0.372575 0.381076 0.409406 0.493667 0.652037 0.786193 0.75245 0.63999 0.794425 0.955221 0.689383 0.270581 0.0485022 0.00480215 0.0015623 0.00190013 0.00238648 0.00299233 0.00381761 0.0051251 0.00784998 0.0248932 0.142169 0.486139 0.838147 0.847521 0.494811 
1 1 1 1 1 1 1 1 1 1 1 0.990079 0.699387 0.391111 0.247251 0.220285 0.214848 0.214369 0.215514 0.217168 0.219468 0.222713 0.227758 0.237256 0.256629 0.290656 0.373999 0.58517 0.806151 0.984512 
1 1 1 1 1 1 1 1 1 1 1 1 0.942941 0.944207 0.954043 0.950377 0.946234 0.943815 0.942558 0.942313 0.942969 0.944191 0.945445 0.945706 0.943498 0.937156 0.924826 0.865598 0.945356 1 
