1 1 1 1 1 1 1 1 1 1 1 1 1 1 1 1 1 1 1 0.919666 0.561397 0.180501 0.0198397 0.001 0.001 0.001 0.001 0.001 0.001 0.001 
1 1 1 1 0.98072 0.960758 0.968204 0.974743 0.984381 0.996107 1 1 1 1 0.996501 0.934082 0.86188 0.844987 0.883757 0.930308 0.951554 0.63655 0.203861 0.022937 0.001 0.001 0.001 0.001 0.001 0.001 
0.249123 0.533966 0.844563 0.904716 0.595346 0.275252 0.185951 0.180351 0.187023 0.196369 0.208188 0.224871 0.253385 0.306764 0.38043 0.489211 0.663174 0.793975 0.724475 0.555998 0.750048 0.983089 0.732036 0.272613 0.0384336 0.00204002 0.001 0.001 0.001 0.001 
0.00894636 0.0531008 0.313097 0.766523 0.897938 0.514075 0.129495 0.013772 0.00117399 0.00111577 0.00181051 0.00345633 0.0102166 0.0629895 0.282038 0.634584 0.876558 0.804674 0.476732 0.170121 0.204813 0.618128 0.980299 0.832882 0.366874 0.0660864 0.00485814 0.001 0.001 0.001 
0.001 0.00167744 0.0398404 0.29781 0.754085 0.912032 0.557236 0.179519 0.032217 0.0033873 0.001 0.00343107 0.0488314 0.291735 0.722691 0.956471 0.76353 0.383181 0.121948 0.0198498 0.014579 0.124045 0.503012 0.933324 0.91548 0.474511 0.115431 0.0123729 0.001 0.001 
0.001 0.001 0.00142191 0.0330915 0.260741 0.710878 0.900449 0.643582 0.279597 0.0748189 0.0237062 0.0995999 0.406355 0.847411 0.960072 0.619585 0.237912 0.0564555 0.00726648 0.001 0.001 0.00561046 0.0743582 0.394671 0.855495 0.966558 0.594557 0.204386 0.0368124 0.00373581 
0.0115332 0.0108506 0.0111593 0.0143438 0.0596715 0.290055 0.659126 0.836871 0.680805 0.351416 0.237159 0.550318 0.931711 0.895022 0.471923 0.128406 0.0172304 0.00103561 0.001 0.001 0.001 0.001 0.00250418 0.0449342 0.299267 0.753899 0.972943 0.734331 0.341418 0.0842047 
0.404607 0.387216 0.387737 0.390432 0.401262 0.439887 0.548655 0.717871 0.800346 0.712613 0.73574 0.932896 0.793156 0.362102 0.0719362 0.00713106 0.00167067 0.00189304 0.00225759 0.00267863 0.00319689 0.00392145 0.00519258 0.00960969 0.0525777 0.264364 0.641583 0.910031 0.825092 0.450508 
1 1 1 1 1 1 1 1 1 1 1 0.825711 0.485797 0.287422 0.245027 0.236329 0.234332 0.23424 0.234591 0.235401 0.236764 0.238988 0.243091 0.25296 0.272605 0.315645 0.438687 0.666468 0.847656 0.98345 
1 1 1 1 1 1 1 1 1 1 1 1 1 1 1 1 1 1 1 1 1 1 1 1 1 0.991407 0.976197 0.910324 0.992499 1 
