1 1 1 1 1 1 1 1 1 1 1 1 1 1 1 1 1 1 1 0.923181 0.777631 0.543522 0.278962 0.0819271 0.0106869 0.001 0.001 0.001 0.001 0.001 
1 1 1 0.968326 0.797786 0.738727 0.719962 0.711467 0.703275 0.689081 0.665311 0.6325 0.595232 0.559322 0.529324 0.50793 0.497372 0.505061 0.547759 0.626062 0.733684 0.801146 0.690189 0.400594 0.131857 0.0196363 0.00115899 0.001 0.001 0.001 
0.164801 0.352485 0.681804 0.805254 0.580396 0.323268 0.216797 0.205542 0.231667 0.272007 0.309831 0.334692 0.346436 0.351911 0.359392 0.375946 0.405407 0.441037 0.458205 0.43797 0.425537 0.520953 0.718939 0.769233 0.530855 0.207883 0.0373564 0.00280148 0.001 0.001 
0.00538755 0.0489167 0.30825 0.685625 0.771186 0.541779 0.315337 0.219156 0.212496 0.247006 0.288446 0.320022 0.340773 0.357173 0.378409 0.411814 0.452794 0.478174 0.461706 0.398467 0.309739 0.256586 0.345856 0.593399 0.773106 0.629797 0.28723 0.0597694 0.00503429 0.001 
0.001 0.00498212 0.0774986 0.356129 0.6797 0.733386 0.570858 0.404221 0.315076 0.292277 0.301893 0.319825 0.342032 0.37345 0.416931 0.463904 0.490714 0.474469 0.416713 0.343769 0.279499 0.225758 0.191495 0.254493 0.488107 0.740554 0.689249 0.349749 0.0773691 0.00760727 
0.001 0.001 0.0140081 0.12262 0.398731 0.639208 0.6774 0.581766 0.467197 0.388227 0.351696 0.351592 0.382906 0.435028 0.485983 0.50683 0.479736 0.415249 0.344625 0.291896 0.258785 0.235718 0.211198 0.190731 0.224836 0.427012 0.706992 0.7117 0.370158 0.0849102 
0.00146907 0.00191375 0.00732719 0.0524711 0.207281 0.431782 0.586865 0.617396 0.564146 0.488347 0.436437 0.434622 0.474095 0.515475 0.519995 0.475373 0.401332 0.331081 0.286195 0.266088 0.25685 0.246666 0.235188 0.226181 0.22129 0.241323 0.414641 0.700032 0.703699 0.35069 
0.244501 0.232656 0.236653 0.253607 0.307733 0.410459 0.52329 0.589004 0.58948 0.55208 0.523081 0.525206 0.534357 0.511461 0.447881 0.368666 0.303622 0.265623 0.251256 0.250366 0.252879 0.253214 0.251201 0.251435 0.260585 0.267301 0.283941 0.460416 0.725734 0.679048 
1 1 1 1 1 1 1 1 0.939157 0.8552 0.774035 0.697087 0.614251 0.523602 0.441323 0.390438 0.363357 0.349537 0.344236 0.343637 0.345269 0.348418 0.353576 0.360721 0.36892 0.383529 0.38297 0.38088 0.555156 0.92209 
1 1 1 1 1 1 1 1 1 1 1 1 1 1 1 0.982172 0.9732 0.958537 0.936955 0.909012 0.875915 0.839815 0.802792 0.76665 0.732573 0.698305 0.675836 0.624038 0.670449 1 
