1 1 1 1 1 1 1 1 1 1 1 1 1 1 1 1 1 1 1 1 0.792205 0.411757 0.0893732 0.00601065 0.001 0.001 0.001 0.001 0.001 0.001 
1 1 1 1 0.957189 0.926568 0.932659 0.939222 0.948653 0.959886 0.9714 0.982454 0.991741 0.994636 0.984708 0.942967 0.871027 0.809169 0.824639 0.870735 0.938332 0.859186 0.439873 0.0860196 0.00554819 0.001 0.001 0.001 0.001 0.001 
0.241573 0.514868 0.831386 0.922078 0.637043 0.295039 0.179629 0.169414 0.174485 0.182928 0.192449 0.203148 0.219159 0.257181 0.32854 0.417953 0.555596 0.71663 0.782681 0.648969 0.583897 0.861911 0.912017 0.494216 0.106734 0.00832446 0.001 0.001 0.001 0.001 
0.00840623 0.0470621 0.285129 0.733653 0.923669 0.587749 0.175927 0.0222192 0.00163591 0.001 0.00125148 0.00205044 0.00450852 0.0216964 0.132741 0.435934 0.761624 0.883693 0.702066 0.364882 0.150556 0.344921 0.813618 0.952577 0.565448 0.14289 0.0131862 0.001 0.001 0.001 
0.001 0.00125498 0.0318976 0.25341 0.700445 0.936535 0.647169 0.240458 0.0514921 0.00652394 0.001 0.001 0.0140164 0.129134 0.481368 0.878099 0.920696 0.617523 0.269853 0.0784758 0.0139587 0.0390853 0.276121 0.750821 0.972235 0.639513 0.193883 0.0227392 0.001 0.001 
0.001 0.001 0.001 0.0234881 0.206368 0.637004 0.913071 0.734324 0.363247 0.116059 0.0227091 0.0383545 0.217122 0.628054 0.968807 0.847168 0.43481 0.144985 0.0302914 0.00334859 0.001 0.001 0.0242512 0.217895 0.680911 0.973325 0.712691 0.269509 0.0482066 0.00484546 
0.0106726 0.0100133 0.0102137 0.0122052 0.0419243 0.222957 0.586729 0.830654 0.760677 0.451801 0.201435 0.3437 0.772456 0.98628 0.715474 0.28425 0.0582348 0.00640164 0.001 0.001 0.001 0.001 0.001 0.016489 0.172502 0.607845 0.946151 0.791907 0.383634 0.0945561 
0.396662 0.379362 0.379754 0.381681 0.390637 0.420202 0.507364 0.670125 0.795945 0.742288 0.65868 0.850381 0.929637 0.583218 0.187507 0.0261558 0.00245881 0.00159365 0.00193716 0.00233809 0.00281897 0.0034593 0.00448969 0.00694071 0.0281375 0.173133 0.545911 0.875847 0.839975 0.471249 
1 1 1 1 1 1 1 1 1 1 1 0.951297 0.63027 0.341428 0.239254 0.222399 0.219892 0.220163 0.221115 0.222376 0.224061 0.226427 0.230271 0.238345 0.255409 0.289943 0.391046 0.621157 0.827818 0.98358 
1 1 1 1 1 1 1 1 1 1 1 1 0.963507 0.972402 0.977601 0.973627 0.97053 0.968492 0.967229 0.966628 0.966636 0.967065 0.967568 0.967276 0.965199 0.958835 0.946336 0.884826 0.96789 1 
