1 1 1 1 1 1 1 1 1 1 1 1 1 1 1 1 1 1 1 0.988369 0.666854 0.273611 0.0404878 0.00166537 0.001 0.001 0.001 0.001 0.001 0.001 
1 1 1 1 0.968962 0.944073 0.951067 0.957664 0.967298 0.978394 0.989476 1 1 1 0.992171 0.938628 0.862954 0.823767 0.859046 0.897052 0.960205 0.749424 0.297724 0.0418306 0.00203605 0.001 0.001 0.001 0.001 0.001 
0.244996 0.523401 0.837181 0.914 0.61755 0.285579 0.183134 0.175274 0.18124 0.190058 0.19982 0.211639 0.233372 0.28053 0.35723 0.453788 0.611915 0.766567 0.76718 0.582035 0.657296 0.948046 0.825774 0.363788 0.0610144 0.00392819 0.001 0.001 0.001 0.001 
0.00865483 0.0496227 0.297412 0.748719 0.912092 0.552589 0.152683 0.0177354 0.00135569 0.001 0.00145705 0.0025489 0.00653307 0.0382273 0.202562 0.54254 0.836067 0.857943 0.582254 0.239905 0.157846 0.491842 0.92155 0.89783 0.450723 0.0936592 0.00764722 0.001 0.001 0.001 
0.001 0.00142665 0.0352866 0.273526 0.72625 0.926501 0.603833 0.209622 0.0412156 0.00480672 0.001 0.00145152 0.0275637 0.205776 0.611303 0.938881 0.849405 0.487827 0.178181 0.0382858 0.011258 0.0768158 0.397018 0.860301 0.94919 0.545305 0.145306 0.0160632 0.001 0.001 
0.001 0.001 0.00111724 0.0276073 0.231375 0.673445 0.909461 0.690818 0.320809 0.0948521 0.0222199 0.0642241 0.308202 0.750378 0.983369 0.731973 0.319975 0.089454 0.0142795 0.00106422 0.001 0.002638 0.0463784 0.311415 0.780629 0.974307 0.645311 0.2297 0.0409582 0.00413154 
0.0111164 0.0104434 0.0106915 0.0131736 0.0497856 0.254302 0.623045 0.836276 0.723045 0.401137 0.213157 0.446618 0.867005 0.954867 0.586818 0.191972 0.0308965 0.00249164 0.001 0.001 0.001 0.001 0.00122 0.0293585 0.238841 0.689383 0.962565 0.758073 0.357599 0.0879644 
0.400557 0.383219 0.383668 0.385931 0.395733 0.429447 0.527035 0.694252 0.799947 0.725183 0.693596 0.902664 0.869633 0.463555 0.116567 0.0133077 0.00171178 0.00169254 0.00205476 0.00246812 0.00296795 0.00364867 0.00479359 0.00807789 0.0396709 0.220561 0.59905 0.894756 0.830197 0.458186 
1 1 1 1 1 1 1 1 1 1 1 0.890115 0.55131 0.302451 0.236594 0.226384 0.225446 0.226292 0.227345 0.228592 0.230164 0.232406 0.236349 0.245494 0.26395 0.30262 0.416273 0.646231 0.838521 0.982382 
1 1 1 1 1 1 1 1 1 1 1 1 0.987213 0.998207 1 0.997118 0.995538 0.994404 0.993454 0.992592 0.991791 0.99099 0.990006 0.988015 0.984563 0.975894 0.961708 0.897902 0.98105 1 
