1 1 1 1 1 1 1 1 1 1 1 1 1 1 1 1 1 1 1 1 0.838538 0.469786 0.118353 0.00944308 0.001 0.001 0.001 0.001 0.001 0.001 
1 1 1 1 0.952518 0.919907 0.925561 0.932126 0.9415 0.952781 0.96438 0.975574 0.985211 0.989098 0.981 0.943233 0.873771 0.80556 0.810471 0.858904 0.924175 0.889774 0.502107 0.113009 0.00813232 0.001 0.001 0.001 0.001 0.001 
0.240151 0.512054 0.82962 0.924088 0.642126 0.297274 0.1779 0.166978 0.171749 0.180066 0.189524 0.200012 0.2151 0.250178 0.318355 0.406033 0.535147 0.694526 0.780747 0.676999 0.569718 0.816675 0.932129 0.550222 0.132915 0.011173 0.001 0.001 0.001 0.001 
0.00829107 0.0464475 0.282214 0.729741 0.926684 0.597775 0.183128 0.0237823 0.00175362 0.001 0.00118511 0.00191749 0.00406862 0.0180042 0.113397 0.397776 0.728423 0.883732 0.742202 0.414874 0.160777 0.293184 0.759003 0.962157 0.612981 0.168769 0.0164773 0.001 0.001 0.001 
0.001 0.00122174 0.0311121 0.248121 0.692945 0.938725 0.659994 0.250459 0.0552983 0.00724869 0.001 0.001 0.0108808 0.107302 0.435686 0.845885 0.93845 0.666268 0.310923 0.0971344 0.0170564 0.0294744 0.231554 0.699673 0.971622 0.67728 0.217885 0.0265502 0.00123087 0.001 
0.001 0.001 0.001 0.0224708 0.199559 0.625988 0.912907 0.747138 0.377404 0.123567 0.0236737 0.0320824 0.189483 0.582607 0.95301 0.884118 0.483291 0.171218 0.0391932 0.00484576 0.001 0.001 0.0182224 0.183758 0.636598 0.965364 0.738998 0.288827 0.0523588 0.00529276 
0.0103874 0.00974128 0.00992999 0.0118014 0.0397551 0.214169 0.575415 0.827538 0.771269 0.468255 0.20152 0.312319 0.734708 0.98851 0.760807 0.323923 0.0729541 0.00889012 0.001 0.001 0.001 0.001 0.001 0.012812 0.148558 0.572343 0.934195 0.804806 0.396475 0.0983869 
0.394503 0.377213 0.37759 0.379437 0.38816 0.416717 0.501282 0.662311 0.793443 0.747923 0.649388 0.828391 0.943883 0.626747 0.2185 0.0331851 0.00306506 0.00156727 0.00190231 0.00230819 0.00279637 0.00344497 0.00447616 0.00678929 0.0251128 0.157085 0.522863 0.864759 0.843136 0.477833 
1 1 1 1 1 1 1 1 1 1 1 0.969494 0.658622 0.359497 0.241504 0.221377 0.218004 0.218023 0.21899 0.220295 0.222052 0.224503 0.228403 0.236327 0.253268 0.2866 0.381912 0.609234 0.821724 0.983948 
1 1 1 1 1 1 1 1 1 1 1 1 0.955011 0.961858 0.968827 0.965 0.961573 0.959434 0.958191 0.957708 0.95792 0.958602 0.959366 0.95934 0.957386 0.951414 0.939225 0.878552 0.961205 1 
