1 1 1 1 1 1 1 1 1 1 1 1 1 1 1 1 1 1 1 0.905135 0.54137 0.166056 0.0173254 0.001 0.001 0.001 0.001 0.001 0.001 0.001 
1 1 1 1 0.982989 0.963961 0.971466 0.977986 0.98752 0.999808 1 1 1 1 0.996841 0.933085 0.862255 0.849712 0.887922 0.936337 0.946669 0.615079 0.189187 0.0205498 0.001 0.001 0.001 0.001 0.001 0.001 
0.250005 0.536232 0.846052 0.902507 0.590471 0.273102 0.18647 0.181317 0.188095 0.197589 0.210446 0.227756 0.257519 0.311944 0.384413 0.496206 0.672804 0.797289 0.714287 0.555078 0.768109 0.98537 0.713723 0.257779 0.0353289 0.00180262 0.001 0.001 0.001 0.001 
0.00901149 0.0539116 0.316588 0.770205 0.894513 0.505797 0.124812 0.0130234 0.00114915 0.00115499 0.0019089 0.0036853 0.0111958 0.0689568 0.298489 0.651426 0.881494 0.79195 0.457255 0.161632 0.217068 0.640515 0.987638 0.819495 0.352722 0.0620181 0.00446517 0.001 0.001 0.001 
0.001 0.00173848 0.0409078 0.303171 0.759771 0.908324 0.547274 0.173451 0.0305273 0.0031297 0.001 0.00400988 0.0543208 0.309877 0.742757 0.956257 0.745542 0.364686 0.113233 0.0178144 0.0158556 0.134192 0.522303 0.944344 0.907804 0.462213 0.11074 0.0118138 0.001 0.001 
0.001 0.001 0.00149662 0.0344004 0.267253 0.718466 0.897744 0.633346 0.271273 0.0709305 0.0242558 0.108026 0.426938 0.863968 0.951943 0.597829 0.224119 0.0514999 0.00637505 0.001 0.001 0.00634868 0.0805044 0.409952 0.867846 0.964011 0.585558 0.200264 0.0361561 0.00367281 
0.0116214 0.0109371 0.0112601 0.0146228 0.0619882 0.297909 0.666367 0.836155 0.67144 0.34154 0.243429 0.570994 0.941469 0.880303 0.450448 0.118174 0.0153578 0.001 0.001 0.001 0.001 0.001 0.00282395 0.0483195 0.310484 0.764932 0.974168 0.730071 0.338715 0.0835865 
0.405375 0.387977 0.388515 0.391311 0.402382 0.442123 0.553266 0.722529 0.799807 0.710495 0.744833 0.936485 0.776224 0.343509 0.0653053 0.00637661 0.0017372 0.00199291 0.00236835 0.00280159 0.00333401 0.00407601 0.0053757 0.0100463 0.0553235 0.272506 0.64884 0.912431 0.82411 0.449173 
1 1 1 1 1 1 1 1 1 1 1 0.812357 0.475113 0.286457 0.247311 0.239166 0.23728 0.237209 0.237563 0.238381 0.239766 0.242023 0.246164 0.25602 0.275248 0.318134 0.442529 0.66982 0.849118 0.98359 
1 1 1 1 1 1 1 1 1 1 1 1 1 1 1 1 1 1 1 1 1 1 1 1 1 0.994375 0.978399 0.912378 0.994423 1 
