1 1 1 1 1 1 1 1 1 1 1 1 1 1 1 1 1 1 1 1 0.7231 0.332163 0.0581779 0.00301153 0.001 0.001 0.001 0.001 0.001 0.001 
1 1 1 1 0.963574 0.936098 0.942758 0.949361 0.958917 0.970097 0.981487 0.992319 1 1 0.989006 0.941133 0.866312 0.816008 0.844239 0.885753 0.953734 0.802848 0.357201 0.0576679 0.00319313 0.001 0.001 0.001 0.001 0.001 
0.243369 0.519174 0.834232 0.917977 0.62719 0.29029 0.181673 0.17271 0.178279 0.186927 0.196568 0.207685 0.225608 0.268626 0.344417 0.437111 0.586148 0.745757 0.778048 0.609588 0.618879 0.916156 0.869508 0.419286 0.0781654 0.00549517 0.001 0.001 0.001 0.001 
0.00854075 0.0482973 0.291101 0.741087 0.917758 0.569621 0.163691 0.0197865 0.0014762 0.001 0.00135403 0.00228033 0.00540418 0.0294354 0.168002 0.493953 0.805183 0.873928 0.637614 0.293055 0.148775 0.425656 0.880157 0.927478 0.500611 0.113026 0.009728 0.001 0.001 0.001 
0.001 0.00133528 0.0335317 0.263406 0.713566 0.931543 0.624618 0.224082 0.0458974 0.00557243 0.001 0.001 0.0203722 0.168078 0.551774 0.915921 0.885046 0.54546 0.215988 0.0543484 0.0116816 0.0577718 0.343022 0.816541 0.964368 0.587184 0.16513 0.0186556 0.001 0.001 
0.001 0.001 0.0010131 0.0254941 0.218932 0.655826 0.911572 0.711724 0.340677 0.104739 0.02216 0.0508468 0.264202 0.695516 0.981384 0.785718 0.368677 0.111938 0.0202153 0.00183105 0.001 0.00166824 0.0353195 0.269618 0.739856 0.978193 0.675986 0.246329 0.0438335 0.0044082 
0.010939 0.0102704 0.0104944 0.0127229 0.0458563 0.238894 0.605732 0.834033 0.74132 0.425054 0.205892 0.397416 0.826086 0.973308 0.645224 0.230835 0.0412917 0.00385493 0.001 0.001 0.001 0.001 0.001 0.0230435 0.209127 0.655795 0.958631 0.774094 0.368674 0.0906179 
0.39888 0.381563 0.381984 0.384077 0.393462 0.425108 0.517572 0.682851 0.798419 0.732736 0.676011 0.880757 0.900246 0.517283 0.146032 0.0181926 0.0019323 0.00164189 0.00199592 0.00240151 0.00289017 0.00354873 0.0046338 0.00748199 0.0340697 0.199174 0.577308 0.888541 0.835383 0.463819 
1 1 1 1 1 1 1 1 1 1 1 0.919497 0.58697 0.318117 0.237097 0.224124 0.222521 0.223071 0.224031 0.225283 0.226951 0.229326 0.23331 0.242029 0.259879 0.296747 0.405342 0.636314 0.834779 0.983086 
1 1 1 1 1 1 1 1 1 1 1 1 0.976206 0.986616 0.989517 0.985367 0.98265 0.980736 0.979458 0.978743 0.978546 0.978709 0.978915 0.978248 0.975935 0.968751 0.955626 0.892916 0.975883 1 
