1 1 1 1 1 1 1 1 1 1 1 1 1 1 1 1 1 1 1 0.841515 0.458861 0.115566 0.00979788 0.001 0.001 0.001 0.001 0.001 0.001 0.001 
1 1 1 1 0.992611 0.977289 0.984882 0.991134 1 1 1 1 1 1 0.996977 0.928713 0.865869 0.870805 0.904894 0.960401 0.915935 0.527284 0.137861 0.0132191 0.001 0.001 0.001 0.001 0.001 0.001 
0.254009 0.546773 0.853031 0.891955 0.567845 0.263539 0.188471 0.185167 0.19275 0.205342 0.220543 0.239902 0.27524 0.333701 0.400346 0.526748 0.711995 0.804987 0.668729 0.564694 0.840772 0.981619 0.64048 0.20485 0.0252476 0.0010853 0.001 0.001 0.001 0.001 
0.0093094 0.0579908 0.333577 0.787105 0.87759 0.468146 0.104841 0.0100323 0.00110018 0.00139379 0.00240674 0.00481521 0.0165547 0.0986024 0.36947 0.71843 0.893012 0.73142 0.376283 0.137772 0.276852 0.730444 1 0.764305 0.300038 0.0481634 0.00316973 0.001 0.001 0.001 
0.001 0.00206181 0.0463326 0.328658 0.784824 0.889081 0.502355 0.147545 0.0238172 0.00215458 0.001 0.00742264 0.0836266 0.391252 0.820162 0.94367 0.665864 0.291944 0.08087 0.0120135 0.0234885 0.181459 0.602435 0.981678 0.873361 0.415519 0.0941566 0.00989406 0.001 0.001 
0.001 0.001 0.00189092 0.0411039 0.298073 0.75111 0.882583 0.586904 0.235846 0.0555772 0.0283005 0.149995 0.518148 0.923349 0.905275 0.506921 0.171562 0.0341427 0.00353265 0.001 0.001 0.010249 0.109518 0.471686 0.914189 0.951635 0.551308 0.185619 0.0339175 0.00346047 
0.011931 0.011245 0.0116384 0.0159536 0.0732948 0.334015 0.697156 0.829785 0.628414 0.302165 0.277673 0.658951 0.971403 0.808152 0.363654 0.0814369 0.00921704 0.001 0.001 0.001 0.001 0.001 0.00447576 0.0640557 0.35616 0.807426 0.978071 0.714378 0.329242 0.0814758 
0.408249 0.390822 0.391442 0.394732 0.407003 0.452109 0.574169 0.742298 0.795233 0.703788 0.785681 0.942749 0.697866 0.268636 0.0430078 0.00423548 0.00212154 0.00250031 0.00295224 0.00347437 0.00411372 0.00499682 0.00653004 0.0126185 0.0684782 0.306491 0.676459 0.92107 0.820631 0.444544 
1 1 1 1 1 1 1 1 1 1 1 0.753227 0.4329 0.285039 0.256822 0.250879 0.249619 0.249738 0.250293 0.251346 0.253013 0.25564 0.260356 0.271445 0.291078 0.331422 0.457417 0.681866 0.854585 0.984468 
1 1 1 1 1 1 1 1 1 1 1 1 1 1 1 1 1 1 1 1 1 1 1 1 1 1 0.987715 0.920157 1 1 
