1 1 1 1 1 1 1 1 1 1 1 1 1 1 1 1 1 1 1 1 0.96678 0.646176 0.253517 0.0347718 0.00120359 0.001 0.001 0.001 0.001 0.001 
1 1 1 1 0.904658 0.86442 0.8664 0.874569 0.884816 0.896585 0.908339 0.919146 0.927222 0.928571 0.917926 0.886178 0.827921 0.759822 0.756256 0.812355 0.864019 0.926983 0.704503 0.251852 0.0290464 0.001 0.001 0.001 0.001 0.001 
0.220975 0.492274 0.82757 0.921379 0.629203 0.276307 0.150589 0.139823 0.145102 0.155533 0.169182 0.185878 0.210251 0.251918 0.310478 0.369285 0.455177 0.599417 0.738395 0.731386 0.564345 0.650543 0.920483 0.740987 0.27119 0.0332194 0.00135138 0.001 0.001 0.001 
0.00637562 0.0471021 0.294944 0.740349 0.928546 0.605291 0.198035 0.0319686 0.00366065 0.00156683 0.00300219 0.0066469 0.0179432 0.0541175 0.150054 0.345269 0.615727 0.829247 0.810858 0.5521 0.247939 0.178962 0.538834 0.924433 0.776882 0.304269 0.0429967 0.00229942 0.001 0.001 
0.001 0.00151368 0.0338658 0.252295 0.688435 0.936056 0.684382 0.285869 0.0824491 0.0206616 0.0053341 0.00276455 0.0173617 0.103948 0.362901 0.725526 0.921419 0.782908 0.451285 0.177262 0.0486619 0.0185381 0.111788 0.500342 0.911562 0.808486 0.350538 0.0636873 0.0050673 0.001 
0.001 0.001 0.001 0.0236717 0.198423 0.61016 0.899506 0.771721 0.439321 0.184196 0.0578753 0.037877 0.155512 0.480713 0.858687 0.932431 0.64399 0.292152 0.0904718 0.0189124 0.00300207 0.001 0.00828659 0.0975482 0.466658 0.883809 0.834356 0.418459 0.101114 0.0124891 
0.00553404 0.00518953 0.00542011 0.00742452 0.0359144 0.205766 0.552825 0.802931 0.781018 0.533824 0.266295 0.279281 0.626715 0.941579 0.859035 0.472788 0.157923 0.0319596 0.00437088 0.001 0.001 0.001 0.001 0.0104498 0.102688 0.443415 0.835409 0.854035 0.502539 0.147855 
0.357935 0.340854 0.341231 0.343279 0.352031 0.384649 0.481239 0.642377 0.768766 0.74222 0.636894 0.757384 0.935904 0.743086 0.344677 0.0887936 0.0130655 0.00256747 0.00322796 0.00490944 0.00692567 0.00950401 0.0137348 0.0230232 0.0574379 0.1784 0.44881 0.770168 0.847653 0.542319 
1 1 1 1 1 1 1 1 1 1 1 0.988416 0.735745 0.438579 0.267476 0.225914 0.213807 0.211515 0.214158 0.218859 0.225482 0.234732 0.2485 0.269766 0.30255 0.344482 0.396081 0.5371 0.761313 0.984692 
1 1 1 1 1 1 1 1 1 1 1 1 0.941338 0.924891 0.937863 0.934337 0.928011 0.924178 0.922311 0.922144 0.92334 0.925146 0.926387 0.92512 0.918999 0.906958 0.891954 0.834072 0.901809 1 
