1 1 1 1 1 1 1 1 1 1 1 1 1 1 1 1 1 1 1 1 0.948658 0.62105 0.228298 0.0285409 0.001 0.001 0.001 0.001 0.001 0.001 
1 1 1 1 0.924843 0.887267 0.89087 0.898301 0.907995 0.919485 0.93121 0.942427 0.951846 0.955571 0.947847 0.916747 0.856649 0.783208 0.770012 0.823057 0.876418 0.927764 0.67326 0.222051 0.0230497 0.001 0.001 0.001 0.001 0.001 
0.229415 0.501185 0.827052 0.923024 0.638779 0.28774 0.16198 0.150897 0.155601 0.164315 0.174898 0.187222 0.205517 0.242624 0.306187 0.377903 0.474234 0.621773 0.752315 0.732874 0.566935 0.679523 0.932793 0.708917 0.239391 0.0266199 0.001 0.001 0.001 0.001 
0.00714337 0.0468279 0.287339 0.732118 0.929372 0.609109 0.196155 0.0289058 0.00256621 0.001 0.00135507 0.00257086 0.0064788 0.026341 0.114337 0.337023 0.634511 0.848673 0.813795 0.536625 0.228154 0.19005 0.580806 0.941658 0.747939 0.271527 0.0344392 0.00156126 0.001 0.001 
0.001 0.00137409 0.0320813 0.246063 0.683924 0.93834 0.68225 0.276574 0.0725828 0.0137254 0.00178221 0.001 0.00934194 0.0845622 0.355008 0.747403 0.940975 0.774896 0.428332 0.158046 0.03756 0.0170814 0.127514 0.53891 0.932223 0.784404 0.315404 0.0503632 0.00342754 0.001 
0.001 0.001 0.001 0.0222306 0.193379 0.608393 0.904552 0.769701 0.422682 0.161193 0.040574 0.0290153 0.147536 0.486593 0.883197 0.93984 0.617089 0.262688 0.075145 0.0128494 0.00125392 0.001 0.00813447 0.107008 0.500345 0.910018 0.815608 0.379258 0.0828689 0.00951367 
0.00728765 0.00682622 0.00702776 0.0088564 0.0357688 0.203205 0.554988 0.810107 0.783657 0.518203 0.23955 0.269881 0.642404 0.961657 0.852995 0.441291 0.133452 0.0231004 0.0022028 0.001 0.001 0.001 0.001 0.00762274 0.100956 0.467384 0.867592 0.844571 0.468263 0.12926 
0.373897 0.356612 0.356976 0.358873 0.367407 0.397692 0.487784 0.645838 0.775734 0.748606 0.637935 0.770368 0.949458 0.727465 0.314392 0.0686057 0.00815242 0.00180131 0.00222219 0.00306682 0.0041541 0.00566503 0.00808861 0.0131502 0.0370859 0.155336 0.462361 0.801649 0.8488 0.519963 
1 1 1 1 1 1 1 1 1 1 1 0.994422 0.724835 0.419261 0.256932 0.221946 0.213151 0.211878 0.213651 0.216538 0.220669 0.226567 0.235546 0.250688 0.27733 0.316241 0.382822 0.557989 0.782499 0.984821 
1 1 1 1 1 1 1 1 1 1 1 1 0.938474 0.931216 0.943259 0.939568 0.934365 0.931335 0.929838 0.929716 0.93075 0.932407 0.933873 0.933689 0.929845 0.920893 0.907267 0.849137 0.922672 1 
