1 1 1 1 1 1 1 1 1 1 1 1 1 1 1 1 1 1 1 0.897954 0.531649 0.159367 0.0162169 0.001 0.001 0.001 0.001 0.001 0.001 0.001 
1 1 1 1 0.984126 0.965585 0.973132 0.979648 0.989129 1 1 1 1 1 0.996948 0.932533 0.862428 0.852019 0.889914 0.939289 0.944005 0.604751 0.18242 0.0194944 0.001 0.001 0.001 0.001 0.001 0.001 
0.25045 0.537425 0.846873 0.901363 0.587932 0.272012 0.186739 0.181813 0.188642 0.198204 0.211581 0.229197 0.259586 0.314503 0.386287 0.499536 0.677272 0.79851 0.709056 0.555049 0.776921 0.986231 0.705098 0.251006 0.0339541 0.00169921 0.001 0.001 0.001 0.001 
0.00904234 0.0543379 0.318364 0.7719 0.892422 0.501374 0.12242 0.0126516 0.00113807 0.00117529 0.00195959 0.00380362 0.0117141 0.0720074 0.306461 0.659146 0.883143 0.78519 0.447665 0.157897 0.223369 0.651442 0.991403 0.813623 0.346437 0.060229 0.00429239 0.001 0.001 0.001 
0.001 0.00177027 0.0414519 0.305795 0.762236 0.905847 0.541929 0.170351 0.0296934 0.00300482 0.001 0.00432191 0.0571809 0.318736 0.751801 0.955014 0.73609 0.355622 0.109099 0.0169282 0.0165547 0.139325 0.532015 0.95045 0.905155 0.457027 0.10871 0.0115709 0.001 0.001 
0.001 0.001 0.00153514 0.0350642 0.270421 0.721803 0.895766 0.627878 0.267061 0.0690208 0.0245674 0.112348 0.437006 0.871171 0.94674 0.586655 0.217386 0.0491682 0.00597027 0.001 0.001 0.00673562 0.083675 0.417853 0.874924 0.964118 0.582073 0.198551 0.0358808 0.003646 
0.0116638 0.0109789 0.0113093 0.0147656 0.0631608 0.301742 0.669633 0.835383 0.666542 0.336662 0.246725 0.581071 0.945477 0.872123 0.439633 0.113266 0.014492 0.001 0.001 0.001 0.001 0.001 0.00299303 0.0500892 0.316374 0.771283 0.975936 0.728753 0.337657 0.0833339 
0.405764 0.388362 0.388909 0.391758 0.402954 0.443249 0.555543 0.724749 0.799408 0.709491 0.749377 0.937806 0.76736 0.334277 0.0622046 0.00604111 0.00177378 0.00204534 0.0024276 0.00286861 0.00341018 0.00416376 0.00548207 0.0102904 0.0567744 0.276797 0.652964 0.914232 0.824024 0.448671 
1 1 1 1 1 1 1 1 1 1 1 0.805598 0.469871 0.286061 0.248426 0.240547 0.238722 0.238669 0.239038 0.239871 0.241277 0.243561 0.247742 0.257677 0.276815 0.319356 0.444449 0.671625 0.850015 0.98376 
1 1 1 1 1 1 1 1 1 1 1 1 1 1 1 1 1 1 1 1 1 1 1 1 1 0.99569 0.979319 0.91343 0.995429 1 
