1 1 1 1 1 1 1 1 1 1 1 1 1 1 1 1 1 1 1 1 0.963587 0.651613 0.268617 0.0416355 0.00192425 0.001 0.001 0.001 0.001 0.001 
1 1 1 1 0.843732 0.794065 0.7899 0.797846 0.808362 0.819323 0.827355 0.8298 0.82431 0.809534 0.785143 0.7478 0.700178 0.671207 0.709463 0.776617 0.851843 0.921589 0.723609 0.287221 0.0402459 0.00186138 0.001 0.001 0.001 0.001 
0.19602 0.450419 0.806122 0.910034 0.606859 0.254168 0.129669 0.119198 0.12806 0.149587 0.180949 0.21515 0.247913 0.279402 0.308921 0.341246 0.415124 0.557683 0.698133 0.688017 0.538545 0.617911 0.888699 0.767487 0.321831 0.0495785 0.00281436 0.001 0.001 0.001 
0.00501231 0.0451373 0.304123 0.751445 0.918412 0.59004 0.201499 0.0430921 0.0140177 0.0258074 0.0581727 0.0913938 0.127354 0.172562 0.237753 0.368521 0.585723 0.773236 0.761197 0.542654 0.270317 0.1804 0.479762 0.868258 0.803568 0.36863 0.0685328 0.00520661 0.001 0.001 
0.001 0.00176547 0.0379103 0.269041 0.701977 0.923812 0.676332 0.304884 0.114937 0.0651383 0.0695406 0.0767582 0.102503 0.193729 0.396676 0.675801 0.849721 0.756023 0.475633 0.226946 0.093257 0.0404721 0.104285 0.42876 0.837709 0.833749 0.431299 0.104068 0.0110983 0.001 
0.001 0.001 0.00132844 0.0291836 0.220691 0.627294 0.883388 0.757797 0.464136 0.245144 0.130612 0.101183 0.211713 0.485095 0.792308 0.883929 0.673857 0.35611 0.146129 0.0685975 0.0472622 0.03238 0.029841 0.100446 0.392815 0.792773 0.85284 0.508972 0.152055 0.0219697 
0.00308873 0.00292265 0.0032277 0.00607068 0.0430712 0.231378 0.567347 0.78744 0.752701 0.536159 0.31601 0.325637 0.60695 0.877222 0.843944 0.537262 0.22752 0.0721598 0.0367752 0.0464228 0.049732 0.0412406 0.0358257 0.0513663 0.131037 0.380767 0.733982 0.85171 0.575656 0.195596 
0.313443 0.297801 0.298262 0.300863 0.311589 0.35381 0.469364 0.638148 0.745411 0.701006 0.616424 0.73332 0.885994 0.749188 0.41166 0.152269 0.0417189 0.0170916 0.0267314 0.0442197 0.0546658 0.0565969 0.0623368 0.0860121 0.135634 0.225198 0.401752 0.685292 0.831093 0.589208 
1 1 1 1 1 1 1 1 1 1 1 0.940308 0.734898 0.475163 0.299863 0.243358 0.225894 0.22126 0.227375 0.237978 0.25044 0.265005 0.286403 0.317213 0.355954 0.395207 0.418402 0.486643 0.702825 0.971282 
1 1 1 1 1 1 1 1 1 1 1 1 0.953813 0.921857 0.935091 0.935732 0.929698 0.923436 0.918566 0.913561 0.908181 0.902356 0.895219 0.884735 0.869177 0.849518 0.832812 0.777683 0.834449 1 
