1 1 1 1 1 1 1 1 1 1 1 1 1 1 1 1 1 1 1 0.95304 0.791142 0.537401 0.246936 0.054363 0.00469988 0.001 0.001 0.001 0.001 0.001 
1 1 1 0.973413 0.783625 0.730405 0.722404 0.726193 0.730112 0.72783 0.713153 0.68388 0.6446 0.603535 0.567601 0.540767 0.527554 0.537072 0.577088 0.650934 0.758268 0.82634 0.677822 0.341069 0.083646 0.00851764 0.001 0.001 0.001 0.001 
0.166533 0.378121 0.729775 0.850791 0.572865 0.263454 0.15043 0.145648 0.175897 0.228146 0.281993 0.318357 0.332405 0.333996 0.337328 0.356578 0.405146 0.477964 0.523547 0.48712 0.439852 0.558516 0.794499 0.788319 0.462675 0.138409 0.0174831 0.001 0.001 0.001 
0.00417046 0.042383 0.299764 0.716308 0.834643 0.541637 0.235798 0.117565 0.118932 0.175961 0.239032 0.282008 0.306221 0.322792 0.348943 0.406629 0.494893 0.559684 0.536617 0.422447 0.281013 0.227175 0.393416 0.717685 0.841663 0.575589 0.20519 0.0311139 0.00187458 0.001 
0.001 0.00246469 0.0505404 0.305204 0.690867 0.81188 0.598339 0.351058 0.233584 0.223316 0.250153 0.271121 0.294133 0.339535 0.420636 0.524115 0.589612 0.5554 0.436713 0.31146 0.224177 0.168441 0.159455 0.302073 0.624361 0.841445 0.656984 0.267576 0.0458123 0.00366446 
0.001 0.001 0.00379456 0.0608564 0.305937 0.642234 0.757707 0.638586 0.463222 0.347413 0.296597 0.293786 0.348041 0.454861 0.570072 0.618843 0.554783 0.417562 0.295813 0.232321 0.206129 0.189553 0.170884 0.163233 0.258454 0.544608 0.808998 0.693681 0.301113 0.0574484 
0.00174775 0.00179961 0.00293148 0.017324 0.110798 0.348284 0.589862 0.681188 0.620092 0.496504 0.404483 0.413542 0.515547 0.618313 0.628975 0.526195 0.37418 0.259154 0.214424 0.21207 0.215021 0.209297 0.201131 0.194575 0.197327 0.260111 0.504115 0.777509 0.688366 0.301961 
0.26263 0.249385 0.250846 0.25792 0.287235 0.369658 0.500816 0.613823 0.641668 0.593577 0.554065 0.590182 0.639065 0.597505 0.463949 0.316029 0.218349 0.183176 0.188295 0.205185 0.217639 0.221669 0.220839 0.226436 0.243345 0.262001 0.30436 0.524939 0.771192 0.655358 
1 1 1 1 1 1 1 1 1 0.933429 0.849917 0.764914 0.648649 0.506258 0.390933 0.325702 0.29887 0.293519 0.299608 0.310577 0.322771 0.335138 0.349196 0.366392 0.385819 0.407705 0.40728 0.409196 0.596987 0.933294 
1 1 1 1 1 1 1 1 1 1 1 1 1 0.97611 0.951032 0.942378 0.931469 0.918383 0.905911 0.894787 0.883859 0.870876 0.853735 0.831342 0.8029 0.766497 0.737934 0.675676 0.715713 1 
