1 1 1 1 1 1 1 1 1 1 1 1 1 1 1 1 1 1 1 0.934156 0.581939 0.196308 0.0227866 0.001 0.001 0.001 0.001 0.001 0.001 0.001 
1 1 1 1 0.978344 0.957427 0.964805 0.971376 0.98111 0.992253 1 1 1 1 0.995981 0.935049 0.861644 0.840294 0.879362 0.924029 0.955492 0.658627 0.219863 0.0256994 0.001 0.001 0.001 0.001 0.001 0.001 
0.24821 0.531667 0.843046 0.906833 0.600103 0.277373 0.185396 0.179349 0.185912 0.195092 0.205951 0.221937 0.249209 0.301502 0.376254 0.482162 0.653263 0.789974 0.734386 0.558256 0.731469 0.979377 0.750735 0.288606 0.0419486 0.00231681 0.001 0.001 0.001 0.001 
0.00888162 0.0523237 0.309722 0.762883 0.901177 0.522205 0.134197 0.0145406 0.00120255 0.00107884 0.00171771 0.00323906 0.00931764 0.057319 0.265559 0.617079 0.870612 0.81691 0.496785 0.180179 0.193207 0.594619 0.971574 0.84634 0.381969 0.0706073 0.00530123 0.001 0.001 0.001 
0.001 0.00162033 0.0388265 0.292599 0.748394 0.915462 0.567041 0.185613 0.0339553 0.00365555 0.001 0.00291718 0.0437544 0.273747 0.701686 0.955538 0.781437 0.402538 0.131382 0.0223061 0.013485 0.114005 0.482912 0.921092 0.92299 0.48753 0.120559 0.0129911 0.001 0.001 
0.001 0.001 0.00135194 0.0318534 0.254411 0.703252 0.902845 0.653616 0.287952 0.0787904 0.0232548 0.0916034 0.385924 0.829729 0.967152 0.64176 0.252566 0.0618997 0.00828986 0.001 0.001 0.00491375 0.0683193 0.378776 0.842181 0.968853 0.604046 0.208855 0.0375312 0.00380471 
0.0114376 0.0107573 0.0110524 0.0140714 0.0574502 0.282369 0.651825 0.837311 0.689943 0.361444 0.23139 0.529488 0.920815 0.908963 0.494061 0.139471 0.0193465 0.00123114 0.001 0.001 0.001 0.001 0.00220172 0.0415967 0.287616 0.742128 0.971448 0.738821 0.344333 0.0848735 
0.403724 0.386343 0.386848 0.389446 0.400046 0.437599 0.544047 0.71314 0.800683 0.71488 0.726776 0.928489 0.809655 0.38133 0.0792954 0.00802156 0.00162029 0.00180833 0.00216868 0.00258534 0.00309782 0.00381365 0.00506558 0.00925223 0.0499158 0.255943 0.633809 0.90737 0.826102 0.451935 
1 1 1 1 1 1 1 1 1 1 1 0.838895 0.496998 0.288708 0.242658 0.233403 0.23135 0.231293 0.231748 0.232649 0.234059 0.236298 0.240493 0.250825 0.270969 0.313204 0.434529 0.662811 0.84606 0.983268 
1 1 1 1 1 1 1 1 1 1 1 1 1 1 1 1 1 1 1 1 1 1 1 1 0.998464 0.988765 0.973569 0.908052 0.990397 1 
