1 1 1 1 1 1 1 1 1 1 1 1 1 1 1 1 1 1 1 0.941176 0.592356 0.204819 0.0244648 0.001 0.001 0.001 0.001 0.001 0.001 0.001 
1 1 1 1 0.976982 0.955632 0.962996 0.969591 0.979332 0.990218 1 1 1 1 0.99549 0.93532 0.861364 0.837749 0.87683 0.920552 0.957007 0.670072 0.22859 0.0272805 0.00108832 0.001 0.001 0.001 0.001 0.001 
0.247747 0.530534 0.842185 0.90758 0.602193 0.278352 0.185105 0.178843 0.185341 0.194429 0.204928 0.220487 0.247114 0.2988 0.373922 0.478321 0.647764 0.787255 0.738895 0.559732 0.721945 0.977262 0.760864 0.297497 0.043964 0.00247772 0.001 0.001 0.001 0.001 
0.00884721 0.0519508 0.307987 0.760702 0.902165 0.525825 0.136439 0.0149199 0.00121821 0.00106224 0.0016758 0.0031369 0.00889654 0.0545585 0.257061 0.607412 0.866438 0.822262 0.506826 0.185819 0.187672 0.582687 0.967606 0.854366 0.390669 0.0732249 0.00555751 0.001 0.001 0.001 
0.001 0.0015925 0.0383201 0.289884 0.745042 0.916373 0.571416 0.18852 0.0348187 0.00379138 0.001 0.0026816 0.0413306 0.264533 0.689994 0.953461 0.789515 0.41223 0.136337 0.0237174 0.013011 0.109094 0.473103 0.916031 0.928585 0.495477 0.123594 0.0133548 0.001 0.001 
0.001 0.001 0.00131788 0.0312403 0.251142 0.698905 0.90322 0.658066 0.291959 0.0807631 0.0230532 0.0877194 0.375467 0.81958 0.969067 0.652168 0.259949 0.0647673 0.00885317 0.001 0.001 0.00458571 0.0654353 0.371266 0.836961 0.972164 0.610386 0.211642 0.0379733 0.00384614 
0.0113945 0.0107152 0.0110039 0.0139445 0.0563628 0.278433 0.647707 0.836873 0.694043 0.366342 0.228613 0.518743 0.914212 0.914667 0.504744 0.145142 0.0204825 0.00134192 0.001 0.001 0.001 0.001 0.00206075 0.0400285 0.282244 0.737625 0.972678 0.742489 0.3463 0.085299 
0.403277 0.385903 0.386401 0.388953 0.39944 0.436444 0.541652 0.710511 0.800504 0.715885 0.72216 0.925507 0.817143 0.390816 0.0831769 0.00851693 0.00160415 0.00177495 0.00213642 0.0025544 0.0030673 0.00378068 0.00502046 0.00908631 0.0486434 0.252069 0.630881 0.907273 0.827417 0.452923 
1 1 1 1 1 1 1 1 1 1 1 0.845173 0.502767 0.289475 0.241429 0.231907 0.229878 0.2299 0.230515 0.231561 0.233058 0.235341 0.239546 0.24977 0.269829 0.311835 0.432564 0.661393 0.845633 0.983273 
1 1 1 1 1 1 1 1 1 1 1 1 1 1 1 1 1 1 1 1 1 1 1 0.99858 0.995616 0.986684 0.97217 0.907148 0.989455 1 
