1 1 1 1 1 1 1 1 1 1 1 1 1 1 1 1 1 1 1 1 0.895318 0.545611 0.166263 0.0165017 0.001 0.001 0.001 0.001 0.001 0.001 
1 1 1 1 0.944536 0.909522 0.914446 0.921109 0.930459 0.941789 0.953464 0.964771 0.974681 0.979397 0.972851 0.939651 0.874335 0.800886 0.792394 0.842814 0.90288 0.916125 0.585628 0.158621 0.0133726 0.001 0.001 0.001 0.001 0.001 
0.237347 0.508009 0.827262 0.925036 0.645641 0.297669 0.174057 0.162566 0.16706 0.175236 0.184658 0.195055 0.209682 0.242559 0.307673 0.392201 0.508635 0.663733 0.77265 0.711013 0.564073 0.750489 0.941373 0.624787 0.176239 0.0165793 0.001 0.001 0.001 0.001 
0.00802733 0.046086 0.280774 0.72713 0.929939 0.608058 0.191113 0.0258244 0.00194866 0.001 0.00110164 0.00179968 0.00381022 0.0158236 0.0978586 0.356103 0.684532 0.876467 0.787581 0.478822 0.186688 0.234537 0.675585 0.95779 0.673626 0.209604 0.0225099 0.001 0.001 0.001 
0.001 0.00122595 0.0307082 0.243945 0.686622 0.942024 0.674777 0.2629 0.061227 0.00873092 0.001 0.001 0.00823531 0.0867393 0.384978 0.801499 0.954003 0.727795 0.368406 0.124266 0.0240272 0.0208637 0.176465 0.622382 0.954482 0.722775 0.254725 0.0337531 0.00177842 0.001 
0.001 0.001 0.001 0.021708 0.193867 0.616188 0.913212 0.761879 0.396464 0.135471 0.0269599 0.027022 0.16114 0.529479 0.927489 0.925626 0.55024 0.210859 0.0536597 0.0075558 0.001 0.001 0.012066 0.141814 0.569886 0.939756 0.768815 0.31935 0.060808 0.00634135 
0.00962302 0.0090182 0.00919929 0.010971 0.0375484 0.206514 0.56492 0.823071 0.781676 0.489517 0.208851 0.281448 0.688454 0.985591 0.815897 0.379689 0.0971412 0.0135789 0.001 0.001 0.001 0.001 0.001 0.00902902 0.119646 0.519173 0.905196 0.817582 0.418038 0.106568 
0.389371 0.372083 0.372446 0.374243 0.382769 0.411019 0.495042 0.654066 0.788277 0.752453 0.64129 0.800985 0.956063 0.680844 0.262003 0.0454172 0.00441625 0.00157903 0.00191537 0.00237401 0.00293547 0.00369062 0.00488456 0.00740378 0.0240493 0.142174 0.489289 0.839385 0.843057 0.489278 
1 1 1 1 1 1 1 1 1 1 1 0.987961 0.693765 0.386328 0.246979 0.221808 0.217303 0.217212 0.218307 0.219557 0.221126 0.223382 0.227256 0.235455 0.253406 0.286548 0.372125 0.587264 0.80716 0.982975 
1 1 1 1 1 1 1 1 1 1 1 1 0.946308 0.950236 0.961212 0.959438 0.95729 0.956076 0.954817 0.95323 0.951385 0.949395 0.947326 0.944772 0.940795 0.933937 0.922113 0.864021 0.946879 1 
