1 1 1 1 1 1 1 1 1 1 1 1 1 1 1 1 1 1 0.960646 0.876465 0.745648 0.540673 0.298171 0.0993628 0.015347 0.001 0.001 0.001 0.001 0.001 
1 1 1 0.970629 0.808451 0.74642 0.72169 0.706704 0.69257 0.673876 0.64785 0.615281 0.579936 0.546296 0.517795 0.496383 0.484079 0.487909 0.521688 0.58991 0.694606 0.778617 0.705919 0.443666 0.164593 0.028676 0.00208837 0.001 0.001 0.001 
0.167416 0.348718 0.667594 0.787974 0.585755 0.351534 0.247717 0.230184 0.24868 0.280495 0.310852 0.331345 0.341974 0.347915 0.355255 0.369193 0.39234 0.419 0.430059 0.412797 0.40676 0.501424 0.707734 0.799051 0.594875 0.257246 0.0527551 0.00459747 0.001 0.001 
0.00664404 0.0553079 0.317243 0.67132 0.740713 0.538042 0.342176 0.253815 0.240611 0.263491 0.294918 0.320726 0.339161 0.354848 0.374365 0.40218 0.433916 0.45245 0.438094 0.385863 0.31036 0.262098 0.341989 0.588011 0.803697 0.697889 0.344391 0.0795545 0.00744225 0.001 
0.001 0.00746348 0.0936888 0.374431 0.659433 0.690261 0.550232 0.412634 0.335068 0.30911 0.311738 0.325339 0.344927 0.372209 0.407648 0.443728 0.463635 0.451497 0.406491 0.345511 0.288112 0.238421 0.204303 0.256678 0.483866 0.760092 0.74386 0.401424 0.0961506 0.0101455 
0.001 0.001 0.0228305 0.152229 0.41764 0.612631 0.631729 0.551258 0.459573 0.394058 0.361379 0.359259 0.382986 0.422568 0.460529 0.475831 0.456037 0.407304 0.349487 0.300924 0.267464 0.244555 0.222056 0.202816 0.229695 0.421351 0.711301 0.744497 0.406509 0.0990513 
0.00148168 0.00231883 0.0120677 0.0731259 0.238243 0.439723 0.563203 0.582019 0.537798 0.478278 0.437011 0.432089 0.457001 0.484355 0.486583 0.453668 0.397683 0.340575 0.298471 0.274816 0.262587 0.252724 0.2431 0.236279 0.231812 0.247027 0.40599 0.693002 0.718823 0.372156 
0.238341 0.227247 0.233015 0.255535 0.317912 0.420755 0.520739 0.571677 0.56657 0.534366 0.50933 0.504723 0.504198 0.482299 0.432293 0.369957 0.316082 0.280462 0.262488 0.257155 0.257794 0.259284 0.260101 0.262392 0.271555 0.276244 0.287522 0.449228 0.716031 0.690086 
1 1 1 1 1 1 1 0.993073 0.914171 0.831552 0.752914 0.678673 0.602036 0.521566 0.447386 0.394926 0.364734 0.347636 0.340769 0.341789 0.348114 0.357735 0.369061 0.379834 0.387649 0.398068 0.392566 0.38339 0.546722 0.920413 
1 1 1 1 1 1 1 1 1 1 1 1 1 1 1 0.963168 0.935518 0.914271 0.896454 0.881904 0.868551 0.853512 0.833576 0.806723 0.773053 0.731629 0.696867 0.632379 0.664053 1 
