1 1 1 1 1 1 1 1 1 1 1 1 1 1 1 1 1 1 1 0.955358 0.613496 0.222812 0.028216 0.001 0.001 0.001 0.001 0.001 0.001 0.001 
1 1 1 1 0.974563 0.952214 0.959483 0.966089 0.975806 0.986679 0.999029 1 1 1 0.994666 0.936243 0.86145 0.833325 0.872085 0.913903 0.959413 0.692921 0.246773 0.0307441 0.00130122 0.001 0.001 0.001 0.001 0.001 
0.246896 0.528353 0.840662 0.909496 0.606722 0.280428 0.184524 0.177805 0.184157 0.19315 0.203359 0.217715 0.242978 0.293457 0.369322 0.471149 0.637487 0.78215 0.748048 0.564176 0.703017 0.971303 0.780088 0.315381 0.0482128 0.00282626 0.001 0.001 0.001 0.001 
0.00878786 0.0512336 0.304791 0.757158 0.905163 0.53369 0.141122 0.0157113 0.00125329 0.00103402 0.00160425 0.00294692 0.00812046 0.0493988 0.240842 0.589088 0.858891 0.83349 0.527737 0.198655 0.177454 0.557715 0.956851 0.867962 0.407302 0.0785205 0.00608704 0.001 0.001 0.001 
0.001 0.00154074 0.0373877 0.284962 0.739497 0.91947 0.580924 0.194593 0.0366123 0.00407254 0.001 0.00226061 0.0368871 0.247034 0.66787 0.950635 0.807006 0.432806 0.147021 0.0269904 0.0122283 0.0993872 0.452055 0.902194 0.935977 0.509687 0.129436 0.0140693 0.001 0.001 
0.001 0.001 0.00125507 0.0301155 0.245178 0.691418 0.905231 0.66773 0.300273 0.0847853 0.0227233 0.0804092 0.355531 0.800461 0.974374 0.674681 0.275893 0.07102 0.010122 0.001 0.001 0.00396104 0.05967 0.354708 0.822538 0.974326 0.620735 0.216676 0.0387904 0.00392388 
0.0113095 0.0106321 0.0109082 0.0137032 0.0543324 0.271158 0.640486 0.836927 0.702704 0.376367 0.22356 0.497844 0.901707 0.927224 0.527621 0.157438 0.0230184 0.00159913 0.001 0.001 0.001 0.001 0.00178914 0.0368294 0.270197 0.725136 0.971134 0.747519 0.349593 0.0860526 
0.402433 0.385071 0.385553 0.388016 0.398291 0.434286 0.53723 0.705759 0.800508 0.718332 0.713501 0.919784 0.832862 0.410933 0.0916979 0.00965112 0.00159978 0.00173287 0.00209509 0.00251255 0.00302386 0.00373166 0.00494977 0.00878346 0.0460307 0.243358 0.622703 0.904628 0.828697 0.454528 
1 1 1 1 1 1 1 1 1 1 1 0.858276 0.516091 0.291776 0.239114 0.229182 0.227511 0.227881 0.22858 0.229745 0.231441 0.233942 0.238349 0.248497 0.268204 0.309325 0.428233 0.6576 0.844029 0.983141 
1 1 1 1 1 1 1 1 1 1 1 1 0.999004 1 1 1 1 1 0.998339 0.99715 0.996685 0.996592 0.996464 0.995254 0.992561 0.983894 0.969586 0.904917 0.987305 1 
