1 1 1 1 1 1 1 1 1 1 1 1 1 1 1 1 1 1 1 0.84831 0.467329 0.120097 0.0103924 0.001 0.001 0.001 0.001 0.001 0.001 0.001 
1 1 1 1 0.991601 0.975904 0.983489 0.989664 1 1 1 1 1 1 0.997069 0.929217 0.865383 0.868581 0.903175 0.958015 0.919866 0.536249 0.142403 0.0138001 0.001 0.001 0.001 0.001 0.001 0.001 
0.253562 0.545572 0.852223 0.893166 0.570398 0.264575 0.188268 0.184751 0.192179 0.204429 0.219471 0.238624 0.273363 0.331445 0.398737 0.52352 0.708108 0.804724 0.673649 0.562706 0.83351 0.98308 0.647631 0.20954 0.0260918 0.0011423 0.001 0.001 0.001 0.001 
0.00927629 0.0575042 0.331625 0.785309 0.879705 0.472389 0.106955 0.0103315 0.0011005 0.00136431 0.00234878 0.00468345 0.0158864 0.095159 0.362082 0.711942 0.892704 0.738379 0.384793 0.139516 0.269977 0.721211 1 0.769667 0.304873 0.0493696 0.00328079 0.001 0.001 0.001 
0.001 0.00202227 0.0456912 0.32582 0.782321 0.891636 0.507403 0.150293 0.0244834 0.00224637 0.001 0.00698257 0.0800795 0.382517 0.812981 0.946197 0.674681 0.299253 0.0840159 0.012469 0.0224986 0.175992 0.593755 0.978126 0.876659 0.419782 0.0956312 0.0100621 0.001 0.001 
0.001 0.001 0.0018431 0.0403113 0.294665 0.747896 0.88472 0.592123 0.239578 0.0570692 0.0277085 0.145123 0.508484 0.918337 0.911435 0.516542 0.176741 0.0357347 0.00377498 0.001 0.001 0.00975193 0.106093 0.465156 0.909143 0.952445 0.554335 0.186888 0.0341031 0.00347764 
0.0119023 0.0112161 0.0116013 0.0157997 0.0719985 0.330097 0.694098 0.830875 0.633237 0.306011 0.273433 0.64985 0.969403 0.816666 0.37256 0.0848597 0.00975256 0.001 0.001 0.001 0.001 0.001 0.00426892 0.0622189 0.351241 0.802751 0.977235 0.715582 0.330008 0.0816386 
0.407966 0.390542 0.391152 0.394385 0.406515 0.451017 0.571897 0.740282 0.79593 0.704304 0.781306 0.942914 0.706673 0.276263 0.044976 0.00439415 0.00207512 0.00244216 0.00288471 0.00339584 0.00402178 0.00488686 0.00638957 0.0123015 0.0669566 0.302782 0.673497 0.920018 0.820789 0.44488 
1 1 1 1 1 1 1 1 1 1 1 0.759614 0.437089 0.28501 0.255831 0.249668 0.248335 0.248433 0.248963 0.249985 0.251615 0.254194 0.258833 0.269761 0.289211 0.329552 0.455905 0.680684 0.853931 0.984295 
1 1 1 1 1 1 1 1 1 1 1 1 1 1 1 1 1 1 1 1 1 1 1 1 1 1 0.986632 0.919336 1 1 
