1 1 1 1 1 1 1 1 1 1 1 1 1 1 1 1 1 1 1 1 0.872754 0.514816 0.145292 0.013194 0.001 0.001 0.001 0.001 0.001 0.001 
1 1 1 1 0.948264 0.914184 0.919421 0.92601 0.935352 0.946655 0.958297 0.969564 0.979392 0.983868 0.976861 0.942007 0.874939 0.803184 0.799833 0.8495 0.91173 0.906945 0.551155 0.138405 0.010903 0.001 0.001 0.001 0.001 0.001 
0.238711 0.509696 0.828103 0.924883 0.644854 0.298076 0.175995 0.164653 0.169235 0.177458 0.186874 0.197257 0.211907 0.245303 0.311422 0.397657 0.51978 0.676989 0.777058 0.698045 0.564687 0.777601 0.939103 0.593456 0.156903 0.0140498 0.001 0.001 0.001 0.001 
0.00816458 0.0461367 0.280868 0.727778 0.929012 0.604691 0.188219 0.0249911 0.00185844 0.001 0.00113283 0.00183175 0.00384427 0.0162167 0.10243 0.371772 0.703144 0.881343 0.770793 0.453324 0.174409 0.256659 0.710024 0.960117 0.647568 0.191291 0.0196715 0.001 0.001 0.001 
0.001 0.00121476 0.030759 0.245242 0.689018 0.941372 0.669624 0.258039 0.0585877 0.00799425 0.001 0.001 0.00910065 0.0939114 0.404509 0.820903 0.950307 0.704082 0.344877 0.11286 0.0207187 0.0238036 0.197937 0.653596 0.961018 0.702517 0.23793 0.0302646 0.0014997 0.001 
0.001 0.001 0.001 0.0219363 0.195817 0.620047 0.913893 0.7567 0.388559 0.130051 0.0251635 0.0286054 0.171554 0.550534 0.939857 0.91143 0.523403 0.1941 0.0473733 0.00633026 0.001 0.001 0.0143083 0.157932 0.596315 0.949207 0.754677 0.304813 0.0565543 0.00579784 
0.010021 0.00939399 0.00957669 0.01138 0.0383883 0.209213 0.569018 0.825555 0.778255 0.480706 0.204458 0.292471 0.707217 0.988714 0.7954 0.357054 0.0866264 0.0114235 0.001 0.001 0.001 0.001 0.001 0.0103812 0.130479 0.539876 0.916122 0.810416 0.407114 0.102331 
0.39195 0.374665 0.375033 0.376839 0.385429 0.41364 0.497428 0.657302 0.790924 0.751248 0.644066 0.812227 0.952755 0.65995 0.244138 0.0399253 0.00377043 0.00157587 0.00190961 0.00233542 0.00284952 0.00353379 0.00461584 0.00695339 0.0237932 0.146409 0.501757 0.849299 0.841876 0.483162 
1 1 1 1 1 1 1 1 1 1 1 0.981518 0.680158 0.375328 0.244768 0.22201 0.218215 0.218279 0.219315 0.220478 0.221914 0.22395 0.227453 0.235058 0.252024 0.28472 0.374504 0.595993 0.813048 0.982894 
1 1 1 1 1 1 1 1 1 1 1 1 0.950069 0.955901 0.965796 0.963847 0.961817 0.960643 0.959466 0.958026 0.956382 0.954619 0.952774 0.950421 0.946693 0.939985 0.928055 0.869151 0.95283 1 
