1 1 1 1 1 1 1 1 1 1 1 1 1 1 1 1 1 1 0.983533 0.911195 0.773384 0.55795 0.311459 0.111394 0.0198155 0.00146164 0.001 0.001 0.001 0.001 
1 1 1 0.973086 0.821534 0.756363 0.724745 0.702551 0.681986 0.658726 0.630768 0.598993 0.566401 0.536333 0.511352 0.492922 0.483279 0.491746 0.535387 0.609213 0.709237 0.777613 0.698522 0.448589 0.178297 0.035528 0.00312392 0.001 0.001 0.001 
0.173639 0.345208 0.645586 0.76155 0.588861 0.382694 0.282623 0.257701 0.267196 0.290494 0.31457 0.332365 0.343779 0.352518 0.362797 0.378125 0.399254 0.420459 0.429049 0.417267 0.416251 0.496509 0.669973 0.752127 0.578284 0.268934 0.0627329 0.00639825 0.001 0.001 
0.00919348 0.0645377 0.327884 0.654435 0.712285 0.541188 0.37525 0.293403 0.273384 0.285756 0.308612 0.329803 0.346823 0.362602 0.381533 0.405784 0.430601 0.443189 0.430646 0.387712 0.321378 0.27214 0.328178 0.530043 0.72802 0.661342 0.353148 0.0921117 0.00988935 0.001 
0.001 0.0121841 0.116782 0.398585 0.64781 0.664966 0.54671 0.431536 0.361912 0.333067 0.329627 0.338695 0.355016 0.378144 0.407039 0.435016 0.449517 0.439752 0.40485 0.354677 0.302263 0.251777 0.212033 0.242739 0.427201 0.680575 0.703104 0.4109 0.109637 0.0129184 
0.001 0.00259163 0.0380812 0.192064 0.44565 0.605438 0.612307 0.542437 0.465708 0.409226 0.379016 0.374579 0.391637 0.421108 0.449015 0.459855 0.444684 0.407196 0.360116 0.316474 0.282408 0.256114 0.230315 0.207273 0.220672 0.377482 0.647985 0.716752 0.419872 0.111079 
0.00161385 0.00333416 0.0207778 0.102026 0.27622 0.459358 0.559418 0.568903 0.529782 0.481043 0.44724 0.440489 0.45565 0.47314 0.472842 0.446926 0.402869 0.355305 0.316211 0.29051 0.274868 0.262042 0.249701 0.240721 0.234135 0.242483 0.376392 0.6532 0.709919 0.386066 
0.230507 0.220535 0.228901 0.258363 0.329105 0.432472 0.522974 0.563313 0.554578 0.526319 0.50449 0.496664 0.49182 0.472725 0.43314 0.382791 0.336106 0.301128 0.279554 0.269719 0.266736 0.265363 0.263699 0.263689 0.270335 0.273215 0.280989 0.427928 0.69551 0.695939 
1 1 1 1 1 1 1 0.971782 0.893929 0.813099 0.737311 0.666867 0.597238 0.526798 0.462314 0.418404 0.392289 0.373969 0.362182 0.35614 0.354099 0.354867 0.357958 0.36229 0.36636 0.375538 0.373512 0.369105 0.53269 0.917693 
1 1 1 1 1 1 1 1 1 1 1 1 1 1 1 0.993813 0.978389 0.961497 0.936811 0.904722 0.866635 0.825384 0.783794 0.744155 0.708187 0.674114 0.651904 0.602296 0.646809 1 
