1 1 1 1 1 1 1 1 1 1 1 1 1 1 1 1 1 1 1 1 0.895389 0.602602 0.249944 0.0423001 0.0023948 0.001 0.001 0.001 0.001 0.001 
1 1 1 1 0.805373 0.753649 0.74803 0.755307 0.76438 0.771305 0.770358 0.75766 0.732933 0.70059 0.666042 0.631436 0.603411 0.605717 0.656454 0.723032 0.826353 0.891018 0.694908 0.294708 0.0499202 0.00316629 0.001 0.001 0.001 0.001 
0.179834 0.415128 0.773022 0.885921 0.587183 0.247133 0.126999 0.118322 0.134768 0.172731 0.221775 0.26432 0.289509 0.301922 0.312283 0.336775 0.406931 0.533697 0.640172 0.6059 0.4953 0.602272 0.854206 0.764668 0.362689 0.0733424 0.00598101 0.001 0.001 0.001 
0.00440292 0.04292 0.301458 0.739891 0.889318 0.567532 0.204653 0.0596297 0.042002 0.083253 0.144966 0.191242 0.22263 0.250272 0.291067 0.388133 0.556736 0.696154 0.674255 0.491816 0.268624 0.197216 0.447814 0.80962 0.816394 0.442274 0.111187 0.0116942 0.001 0.001 
0.001 0.00191231 0.0408507 0.279419 0.700179 0.888038 0.64646 0.316608 0.15515 0.131839 0.159425 0.173689 0.195094 0.264278 0.412046 0.617629 0.751945 0.685286 0.467654 0.267102 0.148551 0.0883155 0.121678 0.369712 0.748889 0.845641 0.525622 0.162543 0.0214484 0.00133325 
0.001 0.001 0.00177647 0.0364018 0.245894 0.637825 0.844156 0.715 0.46589 0.292152 0.207552 0.187547 0.273955 0.476869 0.706655 0.793405 0.650819 0.396971 0.212846 0.144124 0.124268 0.104455 0.0903182 0.12219 0.321519 0.680394 0.847821 0.596728 0.21121 0.0341857 
0.00229501 0.00220961 0.00264235 0.00736447 0.0590742 0.271386 0.583272 0.753632 0.699822 0.51481 0.352337 0.368658 0.577411 0.783914 0.784171 0.564275 0.298337 0.141585 0.108284 0.125878 0.134192 0.125406 0.117207 0.121879 0.157104 0.311362 0.623814 0.828601 0.632869 0.24089 
0.286709 0.272228 0.272884 0.276415 0.291552 0.347868 0.476945 0.633187 0.705945 0.650458 0.593383 0.687596 0.802039 0.713296 0.455947 0.219964 0.0977143 0.0694413 0.0901966 0.119509 0.137116 0.140677 0.141605 0.160028 0.196449 0.243549 0.3481 0.609101 0.808165 0.620619 
1 1 1 1 1 1 1 1 1 1 0.966783 0.873081 0.70405 0.493623 0.333973 0.265637 0.246048 0.242964 0.252446 0.266538 0.281027 0.295266 0.314205 0.341877 0.376073 0.407211 0.416239 0.444487 0.651246 0.952268 
1 1 1 1 1 1 1 1 1 1 1 1 0.972129 0.925414 0.932702 0.936193 0.932247 0.923942 0.915038 0.905007 0.893212 0.879768 0.86481 0.847442 0.825317 0.797987 0.777505 0.72156 0.773949 1 
