1 1 1 1 1 1 1 1 1 1 1 1 1 1 1 1 1 1 1 1 0.71154 0.319713 0.0540822 0.00267553 0.001 0.001 0.001 0.001 0.001 0.001 
1 1 1 1 0.964638 0.93766 0.944377 0.950967 0.960526 0.971676 0.983024 0.993959 1 1 0.989626 0.940612 0.865584 0.817487 0.847373 0.887888 0.955269 0.792049 0.34426 0.0539452 0.00291089 0.001 0.001 0.001 0.001 0.001 
0.243671 0.519926 0.834728 0.917216 0.625402 0.289408 0.181966 0.173213 0.178859 0.187536 0.197198 0.208428 0.226891 0.270825 0.347012 0.440469 0.591501 0.750482 0.776622 0.603605 0.625758 0.922672 0.860044 0.40689 0.07414 0.0051204 0.001 0.001 0.001 0.001 
0.00856354 0.0485332 0.292264 0.742583 0.916874 0.566535 0.161603 0.0193831 0.00145098 0.001 0.00137209 0.00232536 0.00559382 0.0310178 0.174693 0.504213 0.812537 0.871884 0.62685 0.281794 0.149777 0.43855 0.887854 0.919967 0.488931 0.108439 0.00922996 0.001 0.001 0.001 
0.001 0.00135175 0.0338568 0.265356 0.716228 0.931021 0.620889 0.221325 0.0449712 0.00541848 0.001 0.001047 0.0216735 0.175435 0.564398 0.922363 0.879329 0.53418 0.208025 0.0508136 0.0114935 0.0612524 0.35326 0.823896 0.958895 0.576648 0.160295 0.0180197 0.001 0.001 
0.001 0.001 0.0010296 0.0258927 0.221381 0.659566 0.911674 0.707957 0.336845 0.102799 0.0221385 0.0533202 0.272845 0.707357 0.98368 0.7762 0.358941 0.107195 0.0188793 0.00164706 0.001 0.00183438 0.0373093 0.277326 0.746146 0.974444 0.66738 0.241986 0.0430839 0.00433691 
0.0109738 0.0103042 0.0105328 0.0128079 0.0466057 0.241941 0.609388 0.834821 0.737955 0.420405 0.207116 0.407135 0.835109 0.971094 0.634307 0.22299 0.0390273 0.00354016 0.001 0.001 0.001 0.001 0.001 0.0241732 0.214454 0.660663 0.956504 0.768476 0.365419 0.089872 
0.399192 0.381872 0.382298 0.384422 0.393888 0.425943 0.519448 0.685191 0.798857 0.731223 0.67939 0.885703 0.895031 0.506838 0.139909 0.017124 0.0018847 0.00166137 0.00201877 0.0024267 0.0029172 0.00357826 0.00467124 0.00759173 0.0350748 0.202907 0.580178 0.887595 0.832608 0.461954 
1 1 1 1 1 1 1 1 1 1 1 0.913946 0.580035 0.314987 0.237295 0.225137 0.223895 0.224659 0.225698 0.226911 0.228427 0.230569 0.234296 0.242837 0.260551 0.297541 0.406878 0.637221 0.834443 0.982309 
1 1 1 1 1 1 1 1 1 1 1 1 0.97881 0.989918 0.993372 0.990298 0.988682 0.98755 0.986584 0.985656 0.984754 0.983836 0.982757 0.980782 0.977348 0.969235 0.95557 0.892674 0.97621 1 
