1 1 1 1 1 1 1 1 1 1 1 1 1 1 1 1 1 1 1 0.982226 0.656199 0.262909 0.037679 0.00147773 0.001 0.001 0.001 0.001 0.001 0.001 
1 1 1 1 0.970091 0.945727 0.95279 0.959398 0.969059 0.980165 0.991403 1 1 1 0.992832 0.938213 0.862493 0.825462 0.861809 0.900321 0.960847 0.738697 0.287178 0.0393487 0.00186512 0.001 0.001 0.001 0.001 0.001 
0.24536 0.524366 0.8379 0.91319 0.615467 0.284573 0.183429 0.1758 0.181848 0.19071 0.200552 0.212679 0.235213 0.283108 0.359755 0.45715 0.616844 0.769855 0.763808 0.577671 0.666244 0.954309 0.817921 0.354272 0.0582989 0.00368717 0.001 0.001 0.001 0.001 
0.00867934 0.0499276 0.298826 0.750351 0.910713 0.548825 0.150363 0.0173228 0.00133377 0.001 0.00148289 0.00261789 0.00681266 0.0402558 0.2098 0.551544 0.840651 0.853246 0.571013 0.230572 0.16104 0.505747 0.930759 0.893919 0.442809 0.0906328 0.00732641 0.001 0.001 0.001 
0.001 0.00144771 0.0356798 0.275693 0.728723 0.924981 0.599213 0.206597 0.0402785 0.00465634 0.001 0.00158721 0.0292257 0.21358 0.622219 0.941059 0.840594 0.47623 0.171348 0.0356297 0.0113444 0.0811794 0.408808 0.871099 0.949295 0.539563 0.142374 0.0156825 0.001 0.001 
0.001 0.001 0.00114251 0.0280719 0.233968 0.676794 0.908489 0.6862 0.316704 0.0928403 0.0222834 0.0672141 0.317248 0.76015 0.98131 0.719851 0.310442 0.0853817 0.0133117 0.001 0.001 0.00287854 0.0489689 0.320847 0.791439 0.977388 0.642229 0.227602 0.0405939 0.0040956 
0.0111538 0.0104799 0.0107333 0.0132727 0.0506337 0.25748 0.626345 0.836378 0.719076 0.396218 0.214968 0.456628 0.874027 0.949264 0.574342 0.184467 0.0291008 0.00227801 0.001 0.001 0.001 0.001 0.00132133 0.030846 0.245751 0.698679 0.96714 0.757886 0.35666 0.0876979 
0.40093 0.383587 0.384043 0.386344 0.396234 0.430372 0.52898 0.696498 0.800116 0.723733 0.697346 0.90628 0.86236 0.452568 0.111108 0.0124682 0.00167295 0.00169114 0.0020528 0.00246657 0.00296887 0.00365609 0.00481774 0.00821102 0.0409695 0.225644 0.605391 0.898796 0.831324 0.457974 
1 1 1 1 1 1 1 1 1 1 1 0.88385 0.544028 0.299448 0.236257 0.226185 0.225068 0.225769 0.226744 0.228011 0.229699 0.232141 0.236364 0.245912 0.264821 0.304188 0.419238 0.649552 0.840625 0.983054 
1 1 1 1 1 1 1 1 1 1 1 1 0.989055 0.999562 1 0.996493 0.993904 0.992085 0.990804 0.990023 0.989698 0.989685 0.989673 0.988671 0.986124 0.97804 0.964203 0.900306 0.98295 1 
