1 1 1 1 1 1 1 1 1 1 1 1 1 1 1 1 1 1 1 0.993769 0.677694 0.284852 0.0435694 0.00187944 0.001 0.001 0.001 0.001 0.001 0.001 
1 1 1 1 0.967878 0.942485 0.949426 0.956032 0.965659 0.976777 0.987946 0.999581 1 1 0.991646 0.939151 0.863453 0.821968 0.85594 0.893873 0.959554 0.760947 0.309277 0.0446272 0.00223121 0.001 0.001 0.001 0.001 0.001 
0.244653 0.522524 0.836601 0.914868 0.619555 0.286551 0.182856 0.174776 0.180666 0.189452 0.199188 0.210853 0.231672 0.278053 0.354722 0.450341 0.606582 0.762568 0.769837 0.586665 0.649168 0.943249 0.83591 0.375024 0.0642025 0.0042099 0.001 0.001 0.001 0.001 
0.0086301 0.0493395 0.296074 0.747092 0.91319 0.556009 0.15489 0.0181407 0.00137873 0.001 0.00143506 0.00248878 0.00627446 0.0362692 0.195177 0.532482 0.829859 0.861372 0.593166 0.249638 0.155271 0.4792 0.915421 0.905869 0.461428 0.0974615 0.00804284 0.001 0.001 0.001 
0.001 0.00140664 0.0349073 0.271361 0.723483 0.927349 0.607948 0.212506 0.0421427 0.00495758 0.001 0.00132714 0.0259502 0.19774 0.598896 0.934116 0.856276 0.498848 0.185145 0.0411183 0.0112431 0.0728432 0.386956 0.853962 0.954976 0.555003 0.149444 0.0165855 0.001 0.001 
0.001 0.001 0.00109293 0.0271481 0.228703 0.669624 0.909706 0.694985 0.324801 0.0968504 0.0221711 0.0613043 0.298933 0.739051 0.982722 0.742143 0.328982 0.0935473 0.0153032 0.00118731 0.001 0.0024229 0.044106 0.303807 0.77491 0.978151 0.653205 0.233464 0.0415849 0.00419054 
0.0110813 0.0104091 0.0106522 0.013079 0.0489426 0.251017 0.619352 0.835743 0.726782 0.405996 0.211428 0.436422 0.858806 0.958505 0.59794 0.19915 0.032714 0.00271829 0.001 0.001 0.001 0.001 0.00113624 0.0280957 0.233536 0.684834 0.964625 0.763127 0.360414 0.0885926 
0.400225 0.382891 0.383334 0.385562 0.395275 0.428544 0.525046 0.691889 0.799666 0.726624 0.689814 0.898419 0.875886 0.473914 0.121989 0.0141638 0.00173931 0.00167535 0.00203443 0.00244503 0.00294213 0.00361875 0.00475272 0.00794765 0.0385711 0.216799 0.596327 0.895559 0.832607 0.459789 
1 1 1 1 1 1 1 1 1 1 1 0.896106 0.558248 0.305154 0.236348 0.22545 0.224221 0.224883 0.225852 0.227112 0.228789 0.231204 0.235337 0.244591 0.263116 0.301634 0.414642 0.645289 0.838755 0.98301 
1 1 1 1 1 1 1 1 1 1 1 1 0.984722 0.995267 0.996942 0.992734 0.990194 0.98835 0.987069 0.986306 0.986017 0.986055 0.986108 0.985214 0.982745 0.974967 0.961384 0.897893 0.980661 1 
