1 1 1 1 1 1 1 1 1 1 1 1 1 1 1 1 1 1 1 1 0.780421 0.397544 0.0831567 0.00535511 0.001 0.001 0.001 0.001 0.001 0.001 
1 1 1 1 0.95825 0.928116 0.934288 0.940841 0.950275 0.961483 0.972958 0.983957 0.99313 0.995748 0.985327 0.942663 0.8703 0.810312 0.828208 0.873518 0.941109 0.849828 0.424557 0.0802192 0.00503763 0.001 0.001 0.001 0.001 0.001 
0.241878 0.515497 0.831711 0.921394 0.635601 0.294364 0.179979 0.169948 0.175096 0.183567 0.1931 0.203854 0.220128 0.258931 0.331108 0.421112 0.560986 0.72225 0.782858 0.642223 0.588459 0.871127 0.904151 0.479708 0.100831 0.00772091 0.001 0.001 0.001 0.001 
0.00843195 0.0472319 0.285973 0.734818 0.923064 0.585293 0.174123 0.0218355 0.00160824 0.001 0.00126719 0.00208468 0.00463503 0.0228125 0.138307 0.446292 0.770509 0.883768 0.692061 0.352708 0.149179 0.357713 0.82404 0.946226 0.551948 0.136611 0.0124434 0.001 0.001 0.001 
0.001 0.00126602 0.0321359 0.254974 0.702853 0.936556 0.644217 0.238015 0.0505868 0.0063622 0.001 0.001 0.0149468 0.13534 0.49395 0.887038 0.917061 0.606188 0.260448 0.0741757 0.0134149 0.0417733 0.286532 0.759917 0.967389 0.627382 0.187576 0.0218323 0.001 0.001 
0.001 0.001 0.001 0.023795 0.208423 0.640525 0.913755 0.731327 0.359761 0.11423 0.0225642 0.040204 0.224741 0.640364 0.973673 0.839107 0.424063 0.139187 0.0283877 0.00304387 0.001 0.00104096 0.0258401 0.225636 0.688182 0.96981 0.702738 0.26394 0.0471578 0.00474129 
0.010724 0.0100626 0.0102665 0.0122928 0.0425404 0.225574 0.590208 0.831782 0.757947 0.447595 0.20188 0.352357 0.782417 0.986264 0.705198 0.275446 0.0551373 0.00590267 0.001 0.001 0.001 0.001 0.001 0.0174223 0.177769 0.61327 0.944011 0.785237 0.379425 0.093515 
0.397054 0.379752 0.380148 0.382099 0.391122 0.42102 0.509059 0.67232 0.79655 0.740799 0.661402 0.856103 0.926128 0.572935 0.180455 0.0246827 0.00235853 0.00161548 0.00196323 0.00236536 0.00284573 0.00348436 0.00451502 0.00700797 0.0289428 0.176647 0.54902 0.874741 0.836517 0.468786 
1 1 1 1 1 1 1 1 1 1 1 0.946549 0.623501 0.337683 0.239391 0.223568 0.221553 0.222089 0.223105 0.224263 0.225692 0.227693 0.231136 0.238884 0.255677 0.290257 0.392265 0.622006 0.827305 0.98249 
1 1 1 1 1 1 1 1 1 1 1 1 0.966327 0.976419 0.982318 0.979654 0.977907 0.976766 0.975748 0.974669 0.973543 0.972371 0.971071 0.969052 0.965604 0.958282 0.945398 0.883989 0.968091 1 
