1 1 1 1 1 1 1 1 1 1 1 1 1 1 1 1 1 1 1 1 0.861567 0.499955 0.135901 0.0118222 0.001 0.001 0.001 0.001 0.001 0.001 
1 1 1 1 0.949807 0.916241 0.921646 0.928231 0.937588 0.948893 0.960531 0.971784 0.981564 0.985868 0.978514 0.94265 0.874636 0.803845 0.803219 0.852597 0.916175 0.902308 0.535207 0.129632 0.00990539 0.001 0.001 0.001 0.001 0.001 
0.239255 0.510593 0.828769 0.92479 0.644031 0.297894 0.176741 0.165534 0.170174 0.178429 0.187859 0.19827 0.213032 0.246905 0.313626 0.400302 0.524664 0.68252 0.778152 0.690934 0.56584 0.791552 0.938828 0.580148 0.148883 0.0130505 0.001 0.001 0.001 0.001 
0.00821131 0.0462341 0.281237 0.728244 0.927883 0.602026 0.186379 0.0245583 0.00182021 0.001 0.00115093 0.00185858 0.00390519 0.0166849 0.105522 0.379535 0.71065 0.881507 0.760968 0.440288 0.169232 0.268718 0.728262 0.964055 0.638199 0.184165 0.0185981 0.001 0.001 0.001 
0.001 0.00121474 0.0308447 0.245997 0.689672 0.939449 0.665661 0.255232 0.0573816 0.00770872 0.001 0.001 0.00962571 0.0979131 0.413843 0.827854 0.945051 0.690521 0.332986 0.107383 0.0193389 0.0255652 0.209493 0.671535 0.96895 0.697181 0.231982 0.0290333 0.00140307 0.001 
0.001 0.001 0.001 0.0220744 0.196732 0.621066 0.912396 0.752805 0.384508 0.127701 0.024547 0.0296117 0.177059 0.560239 0.942831 0.90079 0.50876 0.185852 0.0444376 0.00578928 0.001 0.001 0.0155886 0.166998 0.612607 0.959407 0.752869 0.300394 0.0551758 0.00561934 
0.0101688 0.00953392 0.00971833 0.0115418 0.0388001 0.210477 0.570332 0.825558 0.7757 0.476386 0.203051 0.29848 0.715621 0.987585 0.782595 0.345004 0.0816116 0.0104777 0.001 0.001 0.001 0.001 0.001 0.01119 0.136936 0.553298 0.926508 0.811717 0.404525 0.101075 
0.392974 0.375687 0.376058 0.377876 0.386505 0.414749 0.498538 0.658676 0.791699 0.750187 0.645545 0.817154 0.949223 0.648102 0.234993 0.0374375 0.00348927 0.00155764 0.00188945 0.00230554 0.00280892 0.00347984 0.00454263 0.00686296 0.0241519 0.150159 0.510761 0.857788 0.844708 0.482115 
1 1 1 1 1 1 1 1 1 1 1 0.977445 0.672491 0.36932 0.242969 0.220906 0.216996 0.216873 0.217864 0.219223 0.221064 0.223633 0.227682 0.235747 0.252946 0.285988 0.377987 0.602362 0.817801 0.98414 
1 1 1 1 1 1 1 1 1 1 1 1 0.950817 0.956236 0.964136 0.960377 0.956755 0.954552 0.953317 0.952907 0.953247 0.954086 0.955003 0.955105 0.953167 0.947272 0.935161 0.87493 0.957062 1 
