1 1 1 1 1 1 1 1 1 1 1 1 1 1 1 1 0.972976 0.914354 0.85885 0.798794 0.71865 0.605313 0.455732 0.287178 0.138713 0.0468417 0.0101242 0.00127919 0.001 0.001 
1 1 1 0.951316 0.87627 0.8123 0.754919 0.702055 0.652565 0.606134 0.564395 0.528907 0.500024 0.477834 0.464153 0.456449 0.452393 0.458254 0.482059 0.528432 0.594626 0.657916 0.670833 0.584313 0.403264 0.203433 0.0687771 0.0143 0.00166438 0.001 
0.298529 0.413805 0.521383 0.565239 0.534801 0.476166 0.421454 0.38029 0.353608 0.338838 0.331407 0.326568 0.325075 0.326993 0.331406 0.339211 0.350783 0.359975 0.366244 0.376339 0.40409 0.47135 0.584423 0.688336 0.680379 0.513917 0.272111 0.0915201 0.0177648 0.0020912 
0.157225 0.243544 0.393292 0.492627 0.505521 0.472725 0.432484 0.398532 0.374594 0.360913 0.354009 0.351038 0.350343 0.351848 0.355871 0.362304 0.368876 0.371678 0.366946 0.352107 0.329788 0.318594 0.356961 0.476747 0.638632 0.70863 0.577038 0.310194 0.0975661 0.0183806 
0.118071 0.170065 0.287187 0.405897 0.465839 0.469573 0.450135 0.427428 0.40693 0.390408 0.379087 0.372969 0.370897 0.371702 0.374539 0.377676 0.378065 0.374695 0.366264 0.349572 0.323804 0.294002 0.273636 0.293179 0.396301 0.578719 0.701482 0.592407 0.300812 0.0878127 
0.0942128 0.129277 0.210775 0.31781 0.402068 0.440443 0.446631 0.440537 0.430449 0.418014 0.405915 0.397225 0.392398 0.390258 0.388879 0.385771 0.379129 0.369385 0.355417 0.335609 0.312423 0.290722 0.273031 0.261069 0.27148 0.355319 0.540948 0.68615 0.559844 0.255225 
0.0730199 0.101455 0.15962 0.245137 0.335984 0.402667 0.438 0.45047 0.450605 0.443405 0.432483 0.421562 0.411929 0.403366 0.394507 0.384512 0.373046 0.358872 0.339801 0.317722 0.298643 0.286388 0.279974 0.27726 0.277122 0.284891 0.35177 0.547382 0.681332 0.499672 
0.196394 0.202882 0.235437 0.288933 0.35526 0.417415 0.460022 0.47516 0.471003 0.459538 0.445448 0.428429 0.411831 0.396304 0.380737 0.365799 0.352003 0.334421 0.313145 0.295141 0.286118 0.285306 0.289803 0.298384 0.307353 0.308259 0.303844 0.377219 0.595124 0.72575 
0.996483 0.990719 0.990065 0.984368 0.970577 0.942583 0.897551 0.838392 0.773072 0.708605 0.648495 0.59504 0.547247 0.505226 0.471656 0.442029 0.416388 0.393691 0.375743 0.368576 0.372099 0.382201 0.393959 0.401649 0.399709 0.390813 0.370836 0.349669 0.476272 0.894109 
1 1 1 1 1 1 1 1 1 1 1 1 1 1 1 0.959576 0.910617 0.87539 0.850689 0.835074 0.826463 0.818092 0.802264 0.773941 0.73339 0.682505 0.634773 0.563989 0.582675 1 
