1 1 1 1 1 1 1 1 1 1 1 1 1 1 1 1 1 1 1 1 0.91739 0.576418 0.189581 0.0206044 0.001 0.001 0.001 0.001 0.001 0.001 
1 1 1 1 0.93932 0.903361 0.907888 0.914713 0.924114 0.93548 0.947181 0.958504 0.968405 0.973123 0.966689 0.934801 0.871494 0.79715 0.784556 0.835724 0.893291 0.922788 0.620571 0.18153 0.0164948 0.001 0.001 0.001 0.001 0.001 
0.235318 0.506003 0.826603 0.924673 0.645041 0.295877 0.170994 0.159508 0.16398 0.172167 0.181697 0.192306 0.207402 0.240699 0.305274 0.386884 0.496569 0.649151 0.766703 0.722464 0.565161 0.722413 0.94016 0.65688 0.198308 0.0197494 0.001 0.001 0.001 0.001 
0.00780543 0.0462144 0.281802 0.727579 0.930561 0.610421 0.193671 0.0267823 0.00208277 0.001 0.00109221 0.00183713 0.00402625 0.0167869 0.0975523 0.344007 0.665512 0.869098 0.80205 0.503743 0.201555 0.214544 0.638659 0.952167 0.700377 0.230548 0.0261233 0.001 0.001 0.001 
0.001 0.00125857 0.0309126 0.243572 0.685049 0.942379 0.6794 0.268053 0.0646339 0.00989523 0.001 0.001 0.00780209 0.0820228 0.368558 0.781415 0.954489 0.750179 0.39264 0.136639 0.0282564 0.0186345 0.155693 0.589063 0.945013 0.743613 0.274324 0.0384626 0.00219923 0.001 
0.001 0.001 0.001 0.0216627 0.192767 0.613141 0.912049 0.766581 0.405577 0.142782 0.0300734 0.0263701 0.152829 0.51021 0.91326 0.936871 0.577754 0.229581 0.0609316 0.00909334 0.001 0.001 0.0101224 0.126461 0.54172 0.927468 0.783602 0.337406 0.066863 0.00716704 
0.00899086 0.00842298 0.00860608 0.0103658 0.0367698 0.204625 0.56145 0.819825 0.784116 0.499523 0.216678 0.273314 0.670127 0.980237 0.834625 0.403549 0.109477 0.0163879 0.00120498 0.001 0.001 0.001 0.001 0.00795234 0.109909 0.49746 0.891203 0.82532 0.432479 0.112743 
0.385388 0.368092 0.368452 0.37026 0.37875 0.407412 0.492757 0.651063 0.784609 0.752483 0.639416 0.789613 0.957261 0.701164 0.281264 0.0523877 0.00535496 0.00160608 0.00195529 0.00248444 0.00314567 0.00404892 0.00548042 0.00844882 0.0260463 0.141648 0.477026 0.826374 0.844018 0.49772 
1 1 1 1 1 1 1 1 1 1 1 0.992904 0.707125 0.398495 0.250075 0.221921 0.21641 0.216112 0.217336 0.218801 0.220695 0.22346 0.228161 0.237674 0.257596 0.292061 0.372108 0.576665 0.799105 0.983074 
1 1 1 1 1 1 1 1 1 1 1 1 0.943056 0.944381 0.95648 0.954854 0.952518 0.951216 0.94983 0.948047 0.945946 0.94367 0.941308 0.938434 0.933994 0.926643 0.914765 0.857603 0.938958 1 
