1 1 1 1 1 1 1 1 1 1 1 1 1 1 1 1 1 1 1 0.86222 0.484859 0.129932 0.0117394 0.001 0.001 0.001 0.001 0.001 0.001 0.001 
1 1 1 1 0.989573 0.973097 0.980669 0.986959 0.997705 1 1 1 1 1 0.997176 0.93019 0.86443 0.864002 0.899629 0.953079 0.927507 0.554915 0.152294 0.0151119 0.001 0.001 0.001 0.001 0.001 0.001 
0.252676 0.543229 0.850717 0.895618 0.575472 0.266667 0.187855 0.183949 0.191225 0.202607 0.21727 0.23601 0.269527 0.326786 0.395368 0.516832 0.699826 0.803674 0.683615 0.559355 0.818469 0.985427 0.662378 0.219736 0.0279778 0.00127148 0.001 0.001 0.001 0.001 
0.00920949 0.0565594 0.327767 0.781587 0.883593 0.480705 0.111238 0.0109542 0.00110627 0.00130689 0.00223377 0.00442349 0.0146003 0.088326 0.346709 0.697909 0.891082 0.752015 0.402135 0.14359 0.256315 0.701862 1 0.78104 0.31551 0.0520541 0.00352802 0.001 0.001 0.001 
0.001 0.00194576 0.0444309 0.320067 0.776839 0.896087 0.517281 0.155858 0.0258735 0.00244256 0.001 0.00614314 0.0731323 0.364533 0.797044 0.949932 0.692085 0.314355 0.0906007 0.0134926 0.0206122 0.165097 0.576082 0.971361 0.884537 0.429411 0.0989272 0.0104375 0.001 0.001 
0.001 0.001 0.00174997 0.0387463 0.2877 0.74081 0.888318 0.602386 0.247189 0.060226 0.0266331 0.135446 0.488488 0.906613 0.922552 0.53587 0.187483 0.039137 0.00430666 0.001 0.001 0.00880403 0.0994286 0.452341 0.899967 0.955512 0.56148 0.189811 0.0345379 0.00351841 
0.0118413 0.011155 0.0115241 0.0154965 0.0694095 0.32204 0.68746 0.832604 0.642841 0.314146 0.26523 0.630933 0.964094 0.833039 0.390735 0.0921183 0.0109148 0.001 0.001 0.001 0.001 0.001 0.00387908 0.0586837 0.341676 0.79422 0.976728 0.718842 0.331887 0.0820498 
0.407403 0.389985 0.390577 0.393697 0.405551 0.448829 0.567274 0.736069 0.797202 0.705532 0.772357 0.942513 0.724141 0.291957 0.0492369 0.00476109 0.00198396 0.00232634 0.00275052 0.00324016 0.00384004 0.00467022 0.00611429 0.0116878 0.063997 0.295581 0.667989 0.918435 0.821539 0.445805 
1 1 1 1 1 1 1 1 1 1 1 0.77258 0.445859 0.285084 0.253811 0.247188 0.24571 0.245763 0.246243 0.247206 0.248765 0.25125 0.255741 0.266352 0.285502 0.326017 0.452895 0.678399 0.852891 0.984134 
1 1 1 1 1 1 1 1 1 1 1 1 1 1 1 1 1 1 1 1 1 1 1 1 1 1 0.984485 0.917904 0.999524 1 
