1 1 1 1 1 1 1 1 1 1 1 1 1 1 1 1 1 1 1 1 0.929537 0.62713 0.260157 0.0421258 0.0021562 0.001 0.001 0.001 0.001 0.001 
1 1 1 1 0.822229 0.771307 0.766175 0.77379 0.783681 0.792846 0.796653 0.791697 0.776315 0.751947 0.721332 0.684129 0.645795 0.634352 0.681807 0.748344 0.836005 0.904459 0.711956 0.293671 0.0452204 0.00245316 0.001 0.001 0.001 0.001 
0.18722 0.432482 0.790835 0.899154 0.596378 0.248995 0.126776 0.117044 0.129105 0.158428 0.199189 0.238714 0.268249 0.289345 0.307157 0.333589 0.404987 0.541306 0.667943 0.646836 0.514563 0.607726 0.875497 0.775013 0.347168 0.0611857 0.00417253 0.001 0.001 0.001 
0.00465518 0.0440513 0.303389 0.746291 0.902776 0.576051 0.200749 0.0494805 0.0251313 0.0516977 0.101398 0.142949 0.177173 0.21293 0.263302 0.374745 0.568183 0.733724 0.717975 0.51805 0.268845 0.186925 0.466383 0.851641 0.826132 0.412663 0.0893055 0.00801872 0.001 0.001 
0.001 0.0018351 0.0392137 0.273255 0.698085 0.901079 0.656818 0.307465 0.132362 0.096594 0.11521 0.12604 0.149068 0.228941 0.402615 0.644108 0.800022 0.721679 0.472468 0.247262 0.119921 0.0617205 0.111757 0.405272 0.811958 0.860977 0.487713 0.133267 0.0158102 0.001 
0.001 0.001 0.00150898 0.0320638 0.230232 0.626837 0.857579 0.732159 0.463191 0.268323 0.168792 0.142642 0.241184 0.479353 0.747878 0.839343 0.664414 0.376819 0.178289 0.106789 0.0870294 0.0675177 0.0575461 0.11104 0.363059 0.753439 0.870084 0.562269 0.182337 0.0277943 
0.00262921 0.00250586 0.00286158 0.00640809 0.049232 0.246913 0.569969 0.766481 0.72384 0.523738 0.332593 0.345757 0.591027 0.830124 0.815417 0.55189 0.2605 0.102261 0.0702837 0.0877578 0.0942103 0.0839455 0.0758389 0.086444 0.145553 0.349679 0.688442 0.852317 0.610792 0.219305 
0.299022 0.28399 0.28453 0.287521 0.300006 0.348222 0.470161 0.633877 0.724864 0.673839 0.603904 0.7113 0.844798 0.732011 0.43324 0.183183 0.0648716 0.037988 0.0553724 0.0816632 0.0970702 0.0994205 0.102559 0.125852 0.171142 0.237697 0.37735 0.651631 0.825003 0.60804 
1 1 1 1 1 1 1 1 1 1 1 0.907157 0.718367 0.481692 0.311976 0.248946 0.229977 0.2251 0.233369 0.247507 0.263649 0.281023 0.304573 0.337377 0.376322 0.411389 0.425073 0.468949 0.679143 0.963117 
1 1 1 1 1 1 1 1 1 1 1 1 0.954803 0.912673 0.920909 0.920465 0.912781 0.903983 0.898896 0.896671 0.895915 0.894911 0.891449 0.882537 0.865355 0.840599 0.818634 0.758343 0.806447 1 
