0.9 0.9 0.9 0.9 0.9 0.9 0.9 0.9 0.9 0.9 0.881249 0.853181 0.823777 0.792364 0.758727 0.725708 0.698296 0.675073 0.654253 0.635466 0.61381 0.583812 0.545906 0.496462 0.422646 0.332472 0.232222 0.147291 0.1 0.1 
0.9 0.9 0.9 0.9 0.872161 0.836804 0.805682 0.775913 0.746034 0.715462 0.685633 0.659533 0.634252 0.607272 0.577999 0.549192 0.512524 0.481134 0.46668 0.468829 0.476573 0.483796 0.485286 0.473775 0.437867 0.378545 0.302556 0.224119 0.146406 0.1 
0.594891 0.654059 0.6547 0.628935 0.603518 0.581339 0.559277 0.536025 0.511372 0.5 0.5 0.471202 0.438463 0.405901 0.373567 0.344136 0.342621 0.345921 0.353754 0.370048 0.394204 0.422636 0.450326 0.469689 0.465752 0.434215 0.383221 0.316394 0.237185 0.161804 
0.371517 0.414383 0.449155 0.448649 0.429776 0.405351 0.380748 0.357344 0.338323 0.333141 0.330976 0.332021 0.333499 0.334426 0.335086 0.33574 0.337543 0.339673 0.342324 0.349297 0.362862 0.383458 0.411751 0.446719 0.476011 0.477528 0.450869 0.40456 0.33865 0.274729 
0.217137 0.242132 0.274962 0.30151 0.318808 0.329933 0.338165 0.345585 0.353062 0.360501 0.367479 0.374118 0.379448 0.38207 0.381063 0.376205 0.368276 0.358654 0.350943 0.345211 0.344195 0.350349 0.366682 0.394668 0.434195 0.473247 0.493909 0.476593 0.425289 0.387515 
0.200447 0.220428 0.25577 0.289492 0.314449 0.330825 0.34188 0.350447 0.358039 0.364998 0.37121 0.376998 0.381516 0.383349 0.381483 0.37545 0.365961 0.35555 0.345405 0.33525 0.327961 0.3266 0.334692 0.351174 0.374098 0.404911 0.453554 0.493705 0.489594 0.487893 
0.465227 0.45738 0.445635 0.429521 0.410756 0.390917 0.370969 0.351279 0.342558 0.339239 0.337496 0.337888 0.33813 0.337224 0.335367 0.332826 0.330673 0.327606 0.322271 0.316788 0.312768 0.315753 0.324082 0.330248 0.336834 0.344398 0.365304 0.423977 0.485981 0.564449 
0.646824 0.640518 0.631185 0.617683 0.600582 0.580637 0.558709 0.53549 0.511362 0.5 0.5 0.472977 0.439738 0.406735 0.373959 0.341389 0.330358 0.324127 0.319324 0.320291 0.327168 0.334681 0.336845 0.343388 0.342654 0.32746 0.312001 0.310805 0.4346 0.659884 
0.9 0.9 0.9 0.9 0.9 0.871354 0.837762 0.802468 0.766187 0.729417 0.693984 0.663111 0.634448 0.605259 0.574548 0.544588 0.506386 0.472303 0.453575 0.451098 0.454172 0.458147 0.459403 0.449202 0.42062 0.391478 0.344185 0.279757 0.455728 0.81824 
0.9 0.9 0.9 0.9 0.9 0.9 0.9 0.9 0.9 0.9 0.897459 0.860052 0.823606 0.787607 0.752143 0.720459 0.697993 0.683277 0.675541 0.674639 0.676075 0.673703 0.664259 0.62246 0.588825 0.567856 0.512278 0.416741 0.599899 0.9 
