1 1 1 1 1 1 1 1 1 1 1 1 1 1 1 1 1 1 1 1 0.958621 0.63443 0.240842 0.0314771 0.001 0.001 0.001 0.001 0.001 0.001 
1 1 1 1 0.916382 0.877751 0.880706 0.888477 0.898395 0.909984 0.921724 0.932823 0.94179 0.94468 0.935903 0.90486 0.845995 0.774526 0.764627 0.818854 0.870923 0.927854 0.688146 0.2355 0.0256213 0.001 0.001 0.001 0.001 0.001 
0.225853 0.497467 0.826756 0.921696 0.634791 0.282935 0.156913 0.145968 0.150898 0.160217 0.171888 0.185826 0.206616 0.24606 0.30824 0.374632 0.466399 0.61286 0.747765 0.734592 0.567077 0.665058 0.925032 0.720955 0.252257 0.0292564 0.00109367 0.001 0.001 0.001 
0.00680059 0.0469591 0.290533 0.735795 0.930467 0.609542 0.197875 0.0302844 0.00296371 0.00104631 0.00178084 0.00363442 0.00974777 0.0361421 0.129299 0.341202 0.6276 0.842837 0.816065 0.546207 0.238163 0.18382 0.557992 0.927463 0.754795 0.283466 0.0377353 0.00184916 0.001 0.001 
0.001 0.00143629 0.0328516 0.248874 0.687471 0.941369 0.686844 0.281989 0.077029 0.0164089 0.00284934 0.0010747 0.0117901 0.0915972 0.358355 0.740106 0.9371 0.78335 0.441286 0.167109 0.0423017 0.0173686 0.11863 0.51579 0.913121 0.786831 0.327644 0.0555757 0.00407756 0.001 
0.001 0.001 0.001 0.0228538 0.196007 0.611761 0.907011 0.774267 0.431558 0.171344 0.0475164 0.032221 0.150192 0.484205 0.875666 0.942147 0.633698 0.277578 0.0820772 0.0152045 0.00180539 0.001 0.00788469 0.100805 0.478917 0.888288 0.815946 0.39334 0.0902042 0.0107257 
0.00645314 0.00604624 0.00626017 0.00815791 0.0357721 0.20488 0.556317 0.809671 0.784417 0.526362 0.251782 0.273549 0.63625 0.956526 0.860883 0.458499 0.145168 0.0269192 0.00297348 0.001 0.001 0.001 0.001 0.00832333 0.0995565 0.451279 0.845538 0.842664 0.480805 0.136815 
0.36701 0.349788 0.350155 0.352109 0.360722 0.392132 0.485538 0.645096 0.773076 0.746397 0.638068 0.765298 0.946848 0.738525 0.329814 0.0775863 0.010116 0.00209222 0.0025947 0.00372232 0.00513469 0.00704192 0.0101182 0.0166891 0.0447974 0.163968 0.452769 0.782354 0.844109 0.528026 
1 1 1 1 1 1 1 1 1 1 1 0.993598 0.732463 0.430137 0.263045 0.225416 0.215747 0.214429 0.216511 0.219609 0.223832 0.229956 0.239734 0.256459 0.285198 0.325409 0.385222 0.544832 0.770004 0.983183 
1 1 1 1 1 1 1 1 1 1 1 1 0.941729 0.932433 0.946989 0.945581 0.942238 0.94029 0.938278 0.935767 0.93283 0.929637 0.926205 0.921756 0.914747 0.904145 0.891297 0.836105 0.91079 1 
