1 1 1 1 1 1 1 1 1 1 1 1 1 1 1 1 1 1 1 1 0.826751 0.454614 0.110237 0.00842136 0.001 0.001 0.001 0.001 0.001 0.001 
1 1 1 1 0.953744 0.921584 0.927327 0.933873 0.943246 0.954499 0.966061 0.977205 0.986746 0.990393 0.981901 0.943246 0.87326 0.806617 0.814269 0.862051 0.927686 0.881998 0.485234 0.105257 0.0073545 0.001 0.001 0.001 0.001 0.001 
0.240533 0.512673 0.829883 0.923558 0.641068 0.296864 0.178366 0.167591 0.172431 0.180775 0.190244 0.200773 0.216056 0.251815 0.3208 0.40907 0.540699 0.700869 0.7821 0.670165 0.57235 0.827724 0.926034 0.534127 0.125179 0.0103085 0.001 0.001 0.001 0.001 
0.0083265 0.046564 0.282802 0.730711 0.926439 0.595965 0.181614 0.0234189 0.0017232 0.001 0.00120098 0.0019479 0.00416429 0.018817 0.11802 0.407983 0.73839 0.885495 0.733099 0.402445 0.15742 0.305402 0.771584 0.957056 0.59801 0.160839 0.0154552 0.001 0.001 0.001 
0.001 0.00122794 0.031284 0.249423 0.695279 0.939378 0.657835 0.248306 0.0543584 0.00705403 0.001 0.001 0.011604 0.112617 0.447967 0.856555 0.936644 0.655225 0.300605 0.0923093 0.0161207 0.0315992 0.241963 0.710189 0.967469 0.663807 0.210116 0.0253173 0.00115336 0.001 
0.001 0.001 0.001 0.0227165 0.201347 0.629457 0.914292 0.744926 0.374134 0.121669 0.0233616 0.033521 0.196315 0.595029 0.959797 0.877577 0.47204 0.164623 0.0368312 0.00443147 0.001 0.001 0.0195645 0.191402 0.644722 0.962239 0.72792 0.281977 0.0509177 0.00513905 
0.0104701 0.00981985 0.0100111 0.0119098 0.0402899 0.216459 0.57882 0.829161 0.76921 0.464304 0.20124 0.319999 0.745139 0.990178 0.751386 0.314556 0.0691614 0.00821252 0.001 0.001 0.001 0.001 0.001 0.0136141 0.153683 0.57831 0.932361 0.797307 0.39122 0.0969454 
0.395085 0.377795 0.378175 0.380037 0.388816 0.417621 0.502856 0.664445 0.79436 0.746724 0.651679 0.834518 0.941779 0.61692 0.210936 0.0313334 0.00290592 0.00159058 0.00193007 0.00233416 0.00281679 0.00345539 0.00447253 0.00679065 0.0256617 0.16014 0.526181 0.863895 0.83925 0.474731 
1 1 1 1 1 1 1 1 1 1 1 0.965532 0.652199 0.35543 0.241619 0.22272 0.219946 0.220266 0.221273 0.222405 0.223793 0.225737 0.229075 0.236491 0.252973 0.286216 0.382642 0.610225 0.821334 0.982705 
1 1 1 1 1 1 1 1 1 1 1 1 0.958111 0.966589 0.974409 0.972089 0.97022 0.969071 0.967994 0.966767 0.965424 0.964005 0.962482 0.960356 0.956841 0.949953 0.937591 0.877326 0.961535 1 
