1 1 1 1 1 1 1 1 1 1 1 1 1 1 1 1 1 1 1 1 0.938665 0.606513 0.214859 0.0256053 0.001 0.001 0.001 0.001 0.001 0.001 
1 1 1 1 0.931038 0.894044 0.898008 0.905162 0.914711 0.926142 0.937862 0.949147 0.958841 0.963116 0.956156 0.925062 0.864018 0.789927 0.775725 0.827921 0.882641 0.926691 0.655176 0.207195 0.0204759 0.001 0.001 0.001 0.001 0.001 
0.231959 0.503121 0.826325 0.923514 0.641941 0.291554 0.165811 0.154529 0.159104 0.167508 0.177506 0.188912 0.205598 0.240913 0.305154 0.381391 0.482893 0.632556 0.758733 0.731133 0.566907 0.693759 0.934875 0.68918 0.22346 0.0238193 0.001 0.001 0.001 0.001 
0.00742744 0.0465505 0.284698 0.72995 0.930739 0.611219 0.19587 0.0280781 0.00233588 0.001 0.00118288 0.0021252 0.00504312 0.0211295 0.105395 0.337996 0.646378 0.858359 0.812616 0.526949 0.218854 0.197298 0.599319 0.942424 0.727535 0.254784 0.0309312 0.00130534 0.001 0.001 
0.001 0.00132407 0.0315369 0.244774 0.68486 0.942241 0.683433 0.274027 0.0694524 0.0119896 0.00125757 0.001 0.00829472 0.0818108 0.358009 0.760958 0.949964 0.769735 0.417195 0.150448 0.033882 0.0172757 0.136094 0.553536 0.931692 0.764957 0.297922 0.045225 0.00288301 0.001 
0.001 0.001 0.001 0.0219386 0.193053 0.611302 0.910108 0.770745 0.416821 0.153656 0.0358386 0.0273897 0.148069 0.494219 0.896509 0.943411 0.605764 0.251234 0.0698317 0.0112692 0.001 0.001 0.00859658 0.112409 0.511524 0.911047 0.799199 0.360978 0.0759501 0.00849096 
0.00797757 0.00747187 0.00766414 0.00945188 0.03609 0.203824 0.558566 0.815436 0.785195 0.511557 0.230033 0.269672 0.652539 0.971392 0.850369 0.429317 0.124724 0.0203928 0.00174473 0.001 0.001 0.001 0.001 0.00740934 0.102344 0.474803 0.872342 0.833704 0.452418 0.122123 
0.378764 0.361465 0.361826 0.363677 0.372179 0.401806 0.490061 0.648149 0.779505 0.750712 0.638481 0.777802 0.955063 0.720645 0.303068 0.0621435 0.00692669 0.00170922 0.00209556 0.00278512 0.00366373 0.00487945 0.00681627 0.0108284 0.0315796 0.147614 0.465115 0.808343 0.844508 0.509883 
1 1 1 1 1 1 1 1 1 1 1 0.995444 0.720152 0.412636 0.254879 0.222788 0.215701 0.215058 0.21656 0.218524 0.221152 0.22502 0.231438 0.243536 0.266952 0.303887 0.375898 0.563051 0.787416 0.983144 
1 1 1 1 1 1 1 1 1 1 1 1 0.940941 0.93835 0.951654 0.950133 0.947458 0.94596 0.944355 0.942291 0.939848 0.937194 0.934419 0.930998 0.925676 0.917216 0.905034 0.848895 0.927673 1 
