1 1 1 1 1 1 1 1 1 1 1 1 1 1 1 1 1 0.982729 0.933875 0.858875 0.750548 0.612638 0.457767 0.304099 0.171446 0.0770909 0.0256257 0.00583817 0.001 0.001 
1 1 1 0.935159 0.874027 0.818763 0.763998 0.710696 0.660219 0.612934 0.571225 0.536727 0.509465 0.490989 0.486948 0.493465 0.503951 0.518467 0.539964 0.57172 0.604866 0.619279 0.593769 0.512729 0.380626 0.229371 0.104855 0.0337723 0.0070511 0.00102619 
0.347317 0.436829 0.497785 0.521391 0.506387 0.471289 0.432169 0.398636 0.374788 0.36074 0.35336 0.34723 0.344568 0.345632 0.349333 0.357212 0.372195 0.385805 0.396347 0.40957 0.432682 0.472157 0.526356 0.570231 0.556939 0.454823 0.28872 0.131571 0.039604 0.00809485 
0.219388 0.293305 0.40168 0.466195 0.474601 0.45576 0.431777 0.409969 0.393224 0.383135 0.376845 0.372733 0.36908 0.366044 0.36498 0.367238 0.371654 0.374774 0.372264 0.361121 0.343291 0.331872 0.350598 0.417919 0.514467 0.5676 0.501838 0.324214 0.138672 0.0394838 
0.173617 0.222433 0.314864 0.399375 0.441043 0.447232 0.439819 0.429464 0.417441 0.404636 0.393408 0.384984 0.37882 0.374347 0.371895 0.371274 0.369918 0.36749 0.362518 0.349719 0.325834 0.295516 0.272756 0.280639 0.346451 0.470735 0.573274 0.530288 0.325392 0.126761 
0.143113 0.177212 0.244749 0.327215 0.391462 0.424021 0.43514 0.437302 0.433932 0.425184 0.414051 0.404235 0.396639 0.390841 0.386326 0.381749 0.375185 0.367729 0.35818 0.342461 0.319724 0.293993 0.270748 0.254735 0.259417 0.319447 0.460582 0.597154 0.538618 0.293901 
0.113742 0.142347 0.192049 0.263204 0.340245 0.397266 0.430343 0.445849 0.451229 0.448692 0.44064 0.431007 0.421152 0.411708 0.402871 0.394074 0.38456 0.373163 0.357117 0.336375 0.314824 0.29665 0.282963 0.273587 0.26976 0.275726 0.331031 0.500927 0.642128 0.523502 
0.208287 0.216692 0.248855 0.297009 0.352033 0.402996 0.44222 0.460112 0.461481 0.456152 0.447341 0.433146 0.41916 0.407306 0.396566 0.386336 0.377652 0.363142 0.34189 0.321193 0.306622 0.297377 0.292132 0.292784 0.29636 0.295324 0.293346 0.361827 0.569313 0.738093 
0.954638 0.945201 0.942584 0.935141 0.921219 0.895721 0.856996 0.806415 0.749916 0.693095 0.639266 0.592463 0.551609 0.51909 0.501837 0.488229 0.470344 0.448513 0.42551 0.407345 0.393033 0.381235 0.372661 0.3665 0.359044 0.352603 0.341571 0.332023 0.46631 0.900022 
1 1 1 1 1 1 1 1 1 1 1 1 1 1 1 1 0.981115 0.95342 0.921675 0.877293 0.820816 0.760067 0.704073 0.656957 0.621043 0.593862 0.579376 0.536355 0.570769 1 
