1 1 1 1 1 1 1 1 1 1 1 1 1 1 1 1 1 1 1 1 0.97389 0.658044 0.270218 0.0405089 0.00171711 0.001 0.001 0.001 0.001 0.001 
1 1 1 1 0.867262 0.820467 0.818282 0.826565 0.837349 0.849271 0.859988 0.867616 0.869716 0.86312 0.844958 0.809277 0.754775 0.707179 0.729708 0.793161 0.85439 0.924049 0.726002 0.280837 0.0368001 0.00150913 0.001 0.001 0.001 0.001 
0.205568 0.468848 0.819849 0.918344 0.615816 0.260886 0.135559 0.124876 0.131786 0.147678 0.170676 0.198112 0.230531 0.269726 0.311392 0.351683 0.427595 0.570181 0.714466 0.711193 0.551306 0.624841 0.902791 0.768596 0.308134 0.043227 0.00214088 0.001 0.001 0.001 
0.00543901 0.0462874 0.303328 0.751247 0.924879 0.596345 0.200042 0.038123 0.00789003 0.0095522 0.0238996 0.044762 0.0767775 0.126839 0.207731 0.359693 0.5954 0.796533 0.786268 0.553369 0.265725 0.176026 0.498398 0.897758 0.80506 0.346987 0.0573836 0.00378312 0.001 0.001 
0.001 0.00169062 0.036569 0.26327 0.697244 0.929082 0.680923 0.298015 0.100597 0.0417361 0.0318228 0.0339178 0.0596172 0.156569 0.38461 0.695565 0.880472 0.772002 0.469736 0.206634 0.0720259 0.0275212 0.10314 0.458296 0.878853 0.834515 0.400884 0.0864206 0.00827732 0.001 
0.001 0.001 0.00118211 0.0267627 0.210467 0.617751 0.888958 0.766025 0.457581 0.22168 0.0976139 0.0684291 0.185003 0.483151 0.819814 0.906313 0.666293 0.331382 0.119894 0.040005 0.0177347 0.00925473 0.0149933 0.0963946 0.426831 0.841626 0.855032 0.475214 0.13091 0.0178501 
0.00374854 0.0035308 0.00380406 0.00622377 0.0388759 0.217155 0.55695 0.793287 0.768499 0.541867 0.299824 0.305382 0.613004 0.904268 0.852243 0.512475 0.197418 0.0517965 0.015778 0.0147874 0.0155601 0.0118018 0.0107769 0.0276968 0.119471 0.412582 0.783926 0.860618 0.550167 0.176918 
0.32996 0.313685 0.314101 0.316451 0.326073 0.363533 0.471041 0.638742 0.75769 0.72256 0.627685 0.743701 0.907158 0.749465 0.385277 0.125178 0.0268178 0.00712132 0.0102532 0.0178126 0.0237047 0.0273812 0.0348596 0.0545825 0.10303 0.212425 0.426444 0.723092 0.842351 0.573984 
1 1 1 1 1 1 1 1 1 1 1 0.964494 0.73905 0.461435 0.285329 0.234575 0.21807 0.213854 0.218411 0.226996 0.238233 0.252658 0.273501 0.302933 0.341402 0.383376 0.415782 0.509454 0.729119 0.980409 
1 1 1 1 1 1 1 1 1 1 1 1 0.948369 0.919454 0.931211 0.928403 0.9205 0.914769 0.912079 0.911623 0.912844 0.914575 0.914837 0.910887 0.900402 0.883659 0.866552 0.808393 0.865651 1 
