1 1 1 1 1 1 1 1 1 1 1 1 1 1 1 1 1 1 1 0.948409 0.602869 0.213558 0.0262488 0.001 0.001 0.001 0.001 0.001 0.001 0.001 
1 1 1 1 0.975859 0.953976 0.961278 0.967877 0.977607 0.988412 1 1 1 1 0.995195 0.935917 0.861546 0.835689 0.874661 0.917386 0.958293 0.681173 0.237284 0.0289082 0.0011875 0.001 0.001 0.001 0.001 0.001 
0.247325 0.529431 0.841477 0.908717 0.604631 0.27944 0.184816 0.178319 0.184745 0.193773 0.204075 0.219076 0.245034 0.296149 0.371743 0.474943 0.642998 0.785157 0.743787 0.561877 0.712413 0.97396 0.769658 0.305794 0.0459289 0.00263919 0.001 0.001 0.001 0.001 
0.0088192 0.0515867 0.306434 0.75918 0.904085 0.530065 0.138868 0.0153231 0.00123531 0.00104708 0.001638 0.00303932 0.00849934 0.0519663 0.249146 0.598893 0.863513 0.828463 0.517403 0.192029 0.1824 0.569904 0.961214 0.859672 0.397979 0.075612 0.00579868 0.001 0.001 0.001 
0.001 0.00156664 0.0378608 0.287522 0.742642 0.918492 0.576558 0.191673 0.0357286 0.0039324 0.001 0.0024654 0.0390903 0.255995 0.679786 0.953269 0.799066 0.422712 0.141626 0.025282 0.0125884 0.104115 0.461977 0.907477 0.930127 0.501179 0.126113 0.0136674 0.001 0.001 
0.001 0.001 0.00128651 0.0306843 0.248266 0.695563 0.90481 0.663304 0.296252 0.0827971 0.0228862 0.0840519 0.365727 0.810934 0.972984 0.664178 0.268084 0.0678733 0.00946981 0.001 0.001 0.00426162 0.0624219 0.362278 0.827814 0.97071 0.613886 0.213619 0.0383014 0.00387819 
0.0113488 0.0106705 0.0109527 0.0138193 0.0553464 0.274891 0.644435 0.837346 0.698685 0.371463 0.226087 0.508531 0.908707 0.92191 0.516702 0.151366 0.0217367 0.00146611 0.001 0.001 0.001 0.001 0.00191842 0.0383293 0.275575 0.729585 0.969546 0.743393 0.347379 0.0855729 
0.402842 0.385473 0.385963 0.388469 0.39885 0.435361 0.539498 0.708302 0.800715 0.717218 0.717938 0.923093 0.82554 0.401128 0.087423 0.00906963 0.0015975 0.00175002 0.002114 0.00253451 0.00304897 0.00376178 0.00499314 0.0089407 0.0472695 0.247219 0.625511 0.904376 0.827018 0.453359 
1 1 1 1 1 1 1 1 1 1 1 0.851901 0.509368 0.290571 0.240273 0.230514 0.228589 0.228781 0.229729 0.231078 0.232762 0.235155 0.239439 0.249548 0.269254 0.310583 0.430087 0.658831 0.844224 0.982948 
1 1 1 1 1 1 1 1 1 1 1 1 1 1 1 1 1 1 1 1 1 1 1 0.998604 0.995086 0.98558 0.970622 0.90552 0.988063 1 
