1 1 1 1 1 1 1 1 1 1 1 1 1 1 1 1 1 1 1 0.890684 0.521919 0.152877 0.0151739 0.001 0.001 0.001 0.001 0.001 0.001 0.001 
1 1 1 1 0.985253 0.967118 0.974659 0.981159 0.990836 1 1 1 1 1 0.997075 0.932109 0.862821 0.854494 0.891963 0.942168 0.940981 0.5943 0.175749 0.0184787 0.001 0.001 0.001 0.001 0.001 0.001 
0.250889 0.538534 0.847591 0.900273 0.585538 0.270956 0.186967 0.182252 0.189176 0.198973 0.212721 0.230597 0.261621 0.317049 0.388242 0.503154 0.682132 0.799978 0.704009 0.555419 0.785598 0.986433 0.6959 0.244042 0.032581 0.00159867 0.001 0.001 0.001 0.001 
0.00907679 0.0547581 0.320208 0.773968 0.890988 0.497452 0.12019 0.0123014 0.00112904 0.00119843 0.00201185 0.00392389 0.0122552 0.0751944 0.31482 0.667601 0.885507 0.77887 0.438351 0.154505 0.229822 0.661844 0.993786 0.806297 0.33948 0.0583557 0.00411643 0.001 0.001 0.001 
0.001 0.00180351 0.0420302 0.308688 0.765493 0.904426 0.537258 0.16746 0.0289 0.00288509 0.001 0.00465525 0.060217 0.328112 0.761863 0.955027 0.727585 0.347063 0.105155 0.0161188 0.0172963 0.144411 0.540817 0.954299 0.900076 0.450636 0.106457 0.0113095 0.001 0.001 
0.001 0.001 0.00157624 0.035782 0.273944 0.726026 0.894818 0.623028 0.263062 0.0671766 0.0249184 0.116845 0.447579 0.879384 0.942903 0.576577 0.211144 0.0469892 0.00559527 0.001 0.001 0.00712605 0.0867332 0.424646 0.879334 0.961308 0.577078 0.196487 0.0355631 0.00361598 
0.0117007 0.0110153 0.0113532 0.014907 0.0643911 0.305895 0.673544 0.835221 0.66196 0.331968 0.25021 0.591407 0.95012 0.864967 0.429715 0.108739 0.0136979 0.001 0.001 0.001 0.001 0.001 0.00315993 0.0517421 0.321275 0.775295 0.975196 0.72609 0.336242 0.0830249 
0.406094 0.388689 0.389244 0.392145 0.403469 0.444364 0.55793 0.727155 0.799124 0.708613 0.754036 0.939289 0.758993 0.325591 0.0593469 0.00573982 0.00181342 0.00210043 0.00249051 0.00294052 0.00349277 0.00426017 0.00560105 0.0105526 0.058163 0.280424 0.655633 0.91462 0.823198 0.447955 
1 1 1 1 1 1 1 1 1 1 1 0.798995 0.464883 0.285773 0.249543 0.241927 0.240169 0.240136 0.240524 0.241381 0.242814 0.245135 0.249371 0.259427 0.27853 0.320636 0.446139 0.672904 0.850479 0.983768 
1 1 1 1 1 1 1 1 1 1 1 1 1 1 1 1 1 1 1 1 1 1 1 1 1 0.997307 0.980395 0.914326 0.99624 1 
