1 1 1 1 1 1 1 1 1 1 1 1 1 1 1 1 1 1 1 0.96917 0.634831 0.242202 0.0325934 0.00115959 0.001 0.001 0.001 0.001 0.001 0.001 
1 1 1 1 0.972309 0.948954 0.956121 0.962727 0.972411 0.983417 0.995199 1 1 1 0.993802 0.937226 0.861844 0.829247 0.867148 0.907155 0.960744 0.715911 0.266326 0.0347451 0.00155781 0.001 0.001 0.001 0.001 0.001 
0.246113 0.526323 0.839261 0.911389 0.611167 0.282517 0.183976 0.1768 0.183001 0.191927 0.201955 0.215096 0.239013 0.288233 0.364599 0.464075 0.627151 0.77636 0.756453 0.570175 0.684325 0.963672 0.799213 0.334349 0.0529806 0.00322777 0.001 0.001 0.001 0.001 
0.00873211 0.0505605 0.301739 0.753712 0.908026 0.54137 0.145769 0.016513 0.00129193 0.00101097 0.00154031 0.00277341 0.00742718 0.0446301 0.225053 0.57044 0.850316 0.843897 0.549177 0.213557 0.168499 0.531991 0.944569 0.881219 0.424726 0.084321 0.00667562 0.001 0.001 0.001 
0.001 0.00149244 0.0365076 0.280234 0.734066 0.922351 0.5902 0.200624 0.038434 0.00436114 0.001 0.00189743 0.0328618 0.230033 0.645255 0.946545 0.824103 0.454175 0.158667 0.0309344 0.0116717 0.0900491 0.43056 0.887197 0.942923 0.52442 0.1357 0.0148445 0.001 0.001 
0.001 0.001 0.00119665 0.0290609 0.239459 0.684058 0.906997 0.677116 0.308528 0.0888169 0.0224677 0.0735779 0.33612 0.780642 0.978499 0.6973 0.292729 0.0778791 0.0115962 0.001 0.001 0.00339117 0.0541657 0.337855 0.807339 0.976091 0.631376 0.221999 0.0396632 0.00400691 
0.0112303 0.0105547 0.0108191 0.013481 0.0524277 0.264184 0.633376 0.836769 0.711056 0.386342 0.219015 0.477119 0.888324 0.938801 0.550863 0.170551 0.0258792 0.00190804 0.001 0.001 0.001 0.001 0.00154161 0.0337614 0.258 0.712133 0.969297 0.752664 0.353049 0.0868521 
0.401676 0.384323 0.384792 0.387171 0.397248 0.432289 0.533034 0.701112 0.800397 0.720973 0.705246 0.913393 0.84799 0.431543 0.101006 0.0109658 0.00162443 0.00170825 0.00207198 0.00248876 0.0029962 0.00369415 0.00488431 0.00849142 0.0434645 0.234524 0.614194 0.901807 0.830007 0.456215 
1 1 1 1 1 1 1 1 1 1 1 0.871257 0.530035 0.294884 0.237193 0.227209 0.225923 0.226624 0.227606 0.228882 0.230583 0.233055 0.23737 0.24722 0.266528 0.306767 0.423782 0.653653 0.842367 0.983091 
1 1 1 1 1 1 1 1 1 1 1 1 0.993979 1 1 1 0.997639 0.995669 0.994391 0.993602 0.993251 0.993195 0.993121 0.992013 0.989391 0.981011 0.966935 0.902643 0.985159 1 
