1 1 1 1 1 1 1 1 1 1 1 1 1 1 1 1 1 1 1 1 0.928193 0.591976 0.202386 0.0230604 0.001 0.001 0.001 0.001 0.001 0.001 
1 1 1 1 0.935712 0.899325 0.903641 0.910615 0.920078 0.931476 0.94319 0.954504 0.964334 0.968886 0.962238 0.930689 0.868307 0.793741 0.779856 0.831568 0.888007 0.925638 0.639237 0.194802 0.0184773 0.001 0.001 0.001 0.001 0.001 
0.233886 0.504973 0.826853 0.924497 0.643739 0.293993 0.168784 0.157404 0.161904 0.170154 0.179842 0.190733 0.206418 0.240463 0.304818 0.383906 0.489265 0.639999 0.761913 0.726623 0.56581 0.708584 0.940286 0.676144 0.211991 0.0218514 0.001 0.001 0.001 0.001 
0.00763562 0.0464047 0.283072 0.728275 0.929664 0.609719 0.19424 0.0272887 0.0021829 0.001 0.00111557 0.00192709 0.00436274 0.0182773 0.0998382 0.338943 0.653784 0.861925 0.806536 0.515167 0.209829 0.20568 0.621229 0.953082 0.719433 0.244533 0.0286441 0.00113409 0.001 0.001 
0.001 0.00128676 0.0311532 0.243687 0.683305 0.939496 0.679113 0.270046 0.0666752 0.01076 0.001 0.001 0.00785323 0.0808965 0.360979 0.768188 0.949454 0.758115 0.404062 0.143148 0.0308306 0.0178496 0.146246 0.575249 0.946761 0.761382 0.288361 0.0419168 0.00251996 0.001 
0.001 0.001 0.001 0.0217041 0.192136 0.609836 0.907858 0.766444 0.410113 0.147506 0.03248 0.0265449 0.149519 0.500154 0.901928 0.937039 0.58933 0.239154 0.0649561 0.0100457 0.001 0.001 0.00934012 0.12003 0.531337 0.928275 0.798438 0.351239 0.0714156 0.00779143 
0.00854835 0.00800744 0.00819412 0.0099606 0.0363477 0.203416 0.558084 0.815733 0.78374 0.504916 0.222396 0.270353 0.659664 0.973442 0.839873 0.414355 0.116133 0.0181151 0.0014264 0.001 0.001 0.001 0.001 0.00763839 0.106573 0.490243 0.889494 0.835374 0.444227 0.117468 
0.382624 0.365321 0.365682 0.36751 0.375995 0.404969 0.491208 0.648961 0.781726 0.751602 0.638539 0.782717 0.954611 0.709007 0.290733 0.0565848 0.00598355 0.00161223 0.00197157 0.00256229 0.00331508 0.0043578 0.00601673 0.00943671 0.0283758 0.144537 0.474173 0.823105 0.8485 0.505019 
1 1 1 1 1 1 1 1 1 1 1 0.993842 0.712364 0.403917 0.250907 0.220545 0.213817 0.213052 0.214405 0.216454 0.219356 0.22349 0.229868 0.241345 0.263459 0.299374 0.376028 0.573464 0.796642 0.984677 
1 1 1 1 1 1 1 1 1 1 1 1 0.939838 0.937806 0.948691 0.945026 0.940473 0.937838 0.936511 0.936343 0.937184 0.938626 0.94003 0.940218 0.937495 0.930286 0.917497 0.858843 0.936171 1 
