1 1 1 1 1 1 1 1 1 1 1 1 1 1 1 1 1 1 0.96354 0.885058 0.763915 0.596447 0.401257 0.215911 0.0827311 0.019796 0.00263728 0.001 0.001 0.001 
1 1 1 0.966832 0.874766 0.804914 0.748329 0.698639 0.652821 0.61003 0.571247 0.537832 0.510538 0.489451 0.475304 0.467991 0.472945 0.494271 0.529849 0.583392 0.649275 0.693782 0.662179 0.521542 0.311471 0.126832 0.0311956 0.00418018 0.001 0.001 
0.260146 0.390093 0.5478 0.614252 0.563304 0.477656 0.409169 0.36545 0.341929 0.33252 0.330998 0.332502 0.336926 0.344342 0.353905 0.365662 0.379121 0.38949 0.394704 0.399018 0.416398 0.471856 0.573048 0.654514 0.607257 0.410653 0.181402 0.0459344 0.00597875 0.001 
0.0998163 0.191958 0.389916 0.53782 0.557615 0.505 0.444989 0.400141 0.372481 0.359067 0.354634 0.35499 0.358093 0.363704 0.371796 0.381482 0.390099 0.393661 0.387564 0.367056 0.33243 0.304061 0.327219 0.43875 0.593129 0.639921 0.48108 0.221931 0.0539481 0.00715529 
0.0657137 0.119285 0.263737 0.429756 0.518301 0.520403 0.485936 0.4485 0.417519 0.394874 0.380825 0.374379 0.373752 0.37734 0.383653 0.389862 0.392297 0.3892 0.378582 0.357166 0.324244 0.284122 0.24968 0.25547 0.353527 0.538415 0.651098 0.519244 0.230039 0.0533789 
0.0492466 0.0840225 0.179298 0.319513 0.43726 0.489683 0.491861 0.474185 0.452382 0.431289 0.414385 0.404386 0.400868 0.401391 0.402669 0.40107 0.394461 0.382877 0.365289 0.340913 0.312669 0.284738 0.258623 0.236917 0.238184 0.321432 0.519262 0.665149 0.514952 0.2059 
0.0373295 0.0635095 0.127603 0.231741 0.347977 0.434627 0.476623 0.485498 0.478409 0.465294 0.4517 0.441135 0.433666 0.427057 0.418325 0.406418 0.391569 0.373078 0.349814 0.324472 0.302267 0.285121 0.271795 0.262164 0.256098 0.259368 0.332393 0.549745 0.685962 0.469367 
0.194841 0.197481 0.226742 0.282117 0.358949 0.434816 0.485235 0.501462 0.495354 0.482129 0.468137 0.453567 0.439448 0.424493 0.406949 0.388551 0.36978 0.347319 0.322596 0.302161 0.289979 0.28402 0.281522 0.282507 0.286473 0.286385 0.28539 0.376875 0.617883 0.724784 
1 1 1 1 1 0.980638 0.933371 0.869996 0.799839 0.731289 0.668241 0.612046 0.561681 0.516449 0.479415 0.455751 0.437115 0.416178 0.395576 0.380433 0.370986 0.365784 0.363678 0.362641 0.360192 0.359266 0.352433 0.345208 0.488459 0.90524 
1 1 1 1 1 1 1 1 1 1 1 1 1 1 1 1 0.985594 0.961612 0.929511 0.888378 0.839418 0.786747 0.73572 0.690338 0.653062 0.622329 0.603303 0.558791 0.596349 1 
