1 1 1 1 1 1 1 1 1 1 1 1 1 1 1 1 1 1 1 1 0.846158 0.570517 0.243547 0.0445553 0.00289863 0.001 0.001 0.001 0.001 0.001 
1 1 1 0.991732 0.793263 0.74129 0.735411 0.742127 0.750013 0.754228 0.748363 0.728565 0.696404 0.658576 0.621953 0.59006 0.569281 0.577541 0.624812 0.690226 0.796436 0.863084 0.683436 0.307333 0.0592442 0.00449195 0.001 0.001 0.001 0.001 
0.174021 0.401212 0.758644 0.87451 0.579473 0.248202 0.13082 0.123626 0.145094 0.190506 0.244574 0.286887 0.307289 0.313192 0.318618 0.340861 0.404799 0.513932 0.597194 0.556688 0.469293 0.586891 0.836581 0.777111 0.398943 0.0938201 0.00907853 0.001 0.001 0.001 
0.00422903 0.0423579 0.300397 0.731991 0.870105 0.554579 0.209184 0.073392 0.0637955 0.115621 0.18227 0.229198 0.257355 0.278821 0.31258 0.395092 0.534804 0.646261 0.622031 0.461958 0.268177 0.206327 0.431123 0.787613 0.840114 0.497014 0.143438 0.0173095 0.001 0.001 
0.001 0.00202488 0.0430214 0.28542 0.694635 0.859535 0.625234 0.32365 0.179459 0.165358 0.196011 0.212899 0.233917 0.29329 0.415482 0.582994 0.692573 0.638502 0.456703 0.282895 0.175139 0.11627 0.134576 0.346647 0.71529 0.863375 0.584589 0.200581 0.0289792 0.00199376 
0.001 0.001 0.00216065 0.0419019 0.260776 0.636052 0.811208 0.684859 0.463144 0.312528 0.241907 0.228431 0.302398 0.468595 0.655774 0.731352 0.620481 0.408025 0.244001 0.17694 0.155952 0.138468 0.123014 0.137663 0.297568 0.637255 0.849539 0.642878 0.244749 0.041769 
0.0020659 0.00201861 0.00257819 0.0091849 0.0714517 0.293285 0.583422 0.726255 0.668744 0.505754 0.37084 0.386297 0.555144 0.723671 0.731944 0.557728 0.329547 0.183312 0.146461 0.159347 0.167846 0.161453 0.153999 0.153741 0.172478 0.289697 0.581786 0.818678 0.659391 0.263923 
0.277152 0.263129 0.263962 0.268285 0.28695 0.351471 0.483155 0.626306 0.682109 0.628114 0.579131 0.653297 0.743971 0.675305 0.464222 0.255476 0.137452 0.107296 0.126037 0.153814 0.171528 0.176434 0.176673 0.190168 0.218339 0.25258 0.330296 0.579195 0.798499 0.635186 
1 1 1 1 1 1 1 1 1 1 0.923315 0.833232 0.682638 0.496378 0.350993 0.280428 0.258116 0.255418 0.265451 0.280699 0.296751 0.312388 0.331072 0.356119 0.385956 0.413551 0.417315 0.432148 0.631711 0.945263 
1 1 1 1 1 1 1 1 1 1 1 1 0.98796 0.931996 0.927146 0.926278 0.919547 0.909615 0.900926 0.89427 0.888004 0.880019 0.868497 0.851943 0.828192 0.796079 0.770303 0.708822 0.752826 1 
