1 1 1 1 1 1 1 1 1 1 1 1 1 0.992364 0.958727 0.925708 0.898296 0.875073 0.854253 0.79857 0.702324 0.597409 0.489608 0.385182 0.288962 0.203526 0.127322 0.0671366 0.0306215 0.0147723 
1 1 0.984125 0.911259 0.855971 0.812139 0.775233 0.740856 0.706628 0.671456 0.643813 0.627028 0.615929 0.608624 0.604739 0.602582 0.592743 0.578597 0.565967 0.554605 0.539386 0.517209 0.484244 0.439071 0.382395 0.313896 0.232459 0.146753 0.0729256 0.0315211 
0.434287 0.486273 0.474629 0.450321 0.437116 0.430469 0.424133 0.416796 0.407832 0.401693 0.399634 0.390054 0.382281 0.378 0.375175 0.373919 0.387283 0.399407 0.407458 0.415673 0.426569 0.439472 0.451145 0.456398 0.447414 0.415986 0.353768 0.260064 0.154572 0.0734429 
0.293583 0.318478 0.347348 0.359611 0.363366 0.366224 0.368506 0.367287 0.36311 0.362774 0.363208 0.366608 0.369383 0.37043 0.370685 0.370273 0.368813 0.367097 0.363258 0.357878 0.353796 0.354941 0.365979 0.3905 0.425105 0.449824 0.437241 0.37148 0.258916 0.148067 
0.225817 0.262406 0.314953 0.355221 0.377498 0.388691 0.393809 0.394262 0.389258 0.3802 0.371367 0.36587 0.362795 0.361061 0.360795 0.361017 0.357087 0.350537 0.342565 0.330626 0.315368 0.300821 0.293416 0.301201 0.335772 0.398788 0.458408 0.460376 0.373652 0.2511 
0.182567 0.214366 0.268011 0.320107 0.358347 0.381253 0.392605 0.39688 0.395731 0.38969 0.38189 0.376206 0.372659 0.370373 0.369247 0.367853 0.361947 0.353793 0.343546 0.328523 0.309698 0.290942 0.276969 0.270001 0.277669 0.318228 0.405067 0.496787 0.493048 0.39523 
0.265227 0.25738 0.245635 0.264686 0.308122 0.342248 0.364519 0.376032 0.385265 0.390565 0.391784 0.393448 0.393858 0.392178 0.388965 0.38372 0.375833 0.366087 0.35246 0.335219 0.317105 0.303079 0.293387 0.285885 0.284774 0.293625 0.337822 0.452613 0.553753 0.574424 
0.446824 0.440518 0.431185 0.417683 0.400582 0.393588 0.404291 0.410086 0.411487 0.413711 0.416791 0.410708 0.403575 0.397507 0.390183 0.379945 0.377459 0.370701 0.356533 0.341228 0.328867 0.317566 0.306307 0.303539 0.303176 0.297323 0.298043 0.340763 0.500356 0.732546 
0.945005 0.937582 0.927084 0.910528 0.889877 0.856733 0.819789 0.779825 0.738071 0.694753 0.655609 0.636269 0.624566 0.614578 0.604959 0.593537 0.570602 0.53991 0.508331 0.478533 0.448636 0.420174 0.396478 0.379784 0.358594 0.339075 0.324458 0.305217 0.440517 0.865073 
1 1 1 1 1 1 1 1 1 1 1 1 1 0.987607 0.952143 0.920459 0.897993 0.883277 0.875541 0.832124 0.762505 0.694236 0.638171 0.593679 0.559604 0.535483 0.533486 0.486584 0.555355 0.973199 
